3914232.19238026 321120.69543160015 5027724.486188613
3068615.11849362 1014490.9418270516 5494019.348274927
3155938.519423464 1002335.2881323446 5449967.223230235
3906191.3897849047 748255.2140631436 4986450.160206416
4731568.437175618 -353277.06586227287 4268584.428990509
4618559.197057048 70619.04329546742 4404246.087440254
3950555.1665812368 373715.67888846673 4999080.260795503
3184252.1429539337 1118229.7606787889 5412301.057004363
3926808.0462397328 211637.2851502351 5024877.816875762
3878948.086624832 345299.79639496026 5043528.667145668
4275562.889563687 154610.84747898392 4735118.1532725915
3891363.956599109 -94559.22704355555 5047602.035829118
3756535.1457219603 882816.8099219952 5073392.611783544
5389044.144084811 -1222976.1056158445 3188164.5907636117
4266102.586273209 -269895.5027459949 4739302.1475444585
3956821.8035217472 -209030.26222062175 4994570.350247545
4075400.836324274 -249476.37974200936 4903561.99846675
4749200.51373546 -716383.8856619536 4203016.573061273
3714664.79009751 -304095.64877230267 5174970.0921393335
3907862.8915512003 -60366.29153041993 5043311.500013157
4390935.159820955 91363.6224427536 4630023.425034399
3867083.888993824 -300203.85277523985 5063805.765536362
3489929.019787334 802570.5119383275 5270700.002309206
3522576.2924962686 779646.4179117308 5251772.169589009
4103642.7131473636 558991.9114485059 4856839.608277865
3958163.7024278264 503752.6271995358 4980447.756737984
3846251.206837799 -550896.0161282575 5056007.998067427
3922116.902969216 923535.9389368782 4949498.971983341
3961391.463633846 14934.164733504556 4993948.143751254
4891808.041664957 -696730.0355089377 4030211.8940476044
3962946.65416361 -202557.20165979746 4994691.302403904
3891617.9634854817 -14195.666221285566 5058514.388045827
3824875.4732133024 -41123.69351273771 5109021.057010059
3743147.907732561 500174.00906253705 5145485.66106443
3650967.809158024 622038.4640989937 5197213.350346243
3626293.821270326 717367.8132450454 5200809.121729587
3696092.967311303 1283717.1197023378 5038559.944545273
3132223.339425954 960666.2571843141 5473536.046392936
3145690.3831098084 1565642.301102364 5326489.353217404
4949496.289309555 -710676.3110239429 3966708.7931664893
3977874.273892449 -16732.00647469961 4979653.425782557
3406411.757363395 689575.8071607611 5350790.672992078
5247513.745416611 -678180.5883828526 3557520.1920158393
5271755.420960724 -703589.647913171 3508503.1174169765
3988605.4685417796 282408.41361422767 4973243.909274761
3061077.135120435 1978556.9941265797 5234683.571930176
2921250.94312766 2098899.822698885 5266427.199941753
4180243.3050788483 1199139.2407785854 4669597.0453881165
4673122.3004871365 -287048.4210827993 4328992.5079103215
4031973.782994615 661272.6848311478 4889904.911612934
4689313.55117271 95361.35696218749 4327462.431103281
4513237.1597897 -8822.346253595812 4513088.243367725
5091871.675277851 -189113.21431100773 3826138.47041323
4284389.051671737 546942.906415717 4689324.074241606
4803585.0736694075 135183.1316835158 4191354.9489339013
4726436.0025748415 705021.2996634409 4229498.266110796
4696552.4656497175 -198978.88277134622 4316522.784649079
4407092.537870844 16691.345531709045 4613403.756703229
5073407.054021056 -407305.4431996842 3838591.361631673
3930516.1809840524 -9604.0819262878 5015491.673313984
3978286.0044153137 -15969.949334908517 4978917.399366601
4792642.4791865675 -250668.48918189234 4207742.430561987
3058376.7232176024 1984008.8160567768 5235683.957479743
4575086.377375594 585595.1241869758 4396639.9554005675
4003010.405153746 29413.993929976554 4962005.085853997
4397023.606545667 386081.6961803261 4609413.296303408
4326251.763824986 312917.8390797389 4680525.583522845
4240745.778539532 -115417.83373334398 4757791.872239101
3972530.854947177 203394.6527043876 4986033.640176219
4256921.15862811 454482.7633187553 4733848.173795444
4115505.6855159686 160403.75456938322 4875294.088917077
4636668.652424349 919346.649770845 4282814.865961579
4612157.494399345 752129.168617352 4347361.938698793
3879772.411466072 337184.5236437624 5043125.302984537
4602177.872045941 972096.2514507928 4306092.240602263
2918860.02557667 2100737.1724560186 5266734.498891705
3860566.282238342 323230.8617942011 5059022.079290839
3954463.199087513 147837.21701873504 5003531.064351126
3912605.662641006 592145.0780179856 5007039.818498812
3838825.8292880426 970516.8331645605 5005105.387273998
3582671.988482981 -190518.8456117132 5268107.3484668275
4797353.782876783 -645729.063914224 4158151.5599726853
4107451.3050888632 1011395.6093154545 4779453.270328858
3983478.7816184903 -7717.2647216983105 4975584.093377328
4333785.640188592 534118.336489892 4651069.057713552
4004074.523773938 1364268.008287278 4772200.33417546
3367950.1014164845 2841406.06088296 4615746.683832993
2866689.0270645358 2270399.4787487504 5226612.4330818895
3333380.1929584453 2817024.3916736236 4656448.933972343
3550775.39905934 2967435.182188944 4380133.735567701
2991565.9309078236 1861723.604068367 5321098.111468186
3379788.233329932 1104228.060497386 5300477.796857442
3877918.5815718076 354351.3887845673 5044163.742306801
2866679.652559178 2111336.8896028018 5289676.272111041
3095826.901526798 2574863.4638103982 4950930.189786795
3279215.1897420418 2787674.36736594 4712650.959452119
2879360.2905926593 2190071.6865753806 5253047.65514982
3066192.887699863 2515016.3847424663 4999892.955406217
2920931.6185151665 2292444.103021529 5190235.541543773
3383238.2292456958 2815708.027932148 4620733.04225995
