3999822.419957455 343046.38985918695 4948842.603701018
2975663.702359664 1297500.5254918574 5493031.951921683
3819026.6262183315 -22062.91435347116 5110288.092630558
4436918.284899186 -284201.04850722774 4579763.351083073
3799871.3849133844 327300.52260185935 5117353.957930797
3972283.863352637 43679.302639512076 4987175.447993501
4816028.231346641 2101.388871008215 4187985.8222536948
4150534.800514466 -171781.9647082693 4845288.439604325
3905132.9720314555 -39941.64556120393 5040722.574745275
3958175.6161762318 -45527.834376979765 4995379.631163767
3968440.580299259 -37333.51028267442 4985125.42908682
3904896.7047645333 35713.327231617775 5043818.595962501
4024382.590492849 -106506.76536283173 4947381.066553698
3431449.924152456 1449289.4730517159 5182486.965354046
3946949.8439562335 -40162.664624593934 5005503.5289189555
2888922.352049498 2091615.256650385 5285730.696319303
3979748.1290108995 292743.2783318668 4981671.4595873095
4956048.1817580825 -429153.1429281194 3999819.259525525
3972784.4533920884 -31480.187656027156 4981411.885291184
3731486.0807202775 745285.8656898518 5124247.612529838
3083782.6749622766 1968068.6667352205 5229031.07107259
4800747.593512104 184090.47043278784 4189855.8299826477
3316568.549147319 1590741.891441329 5214940.052948309
3997870.3024940663 -43541.945431379034 4964830.347712603
3531985.0646239594 744305.9942960988 5254296.831406481
3266949.450401336 787763.4044895017 5425141.15662381
4920256.760064673 -769963.7724229201 3978011.495533183
4034092.000399856 -54287.989553780746 4938280.875383771
4845007.060373418 -280888.54140176903 4145414.734419335
4274243.4065752905 -94980.94622205454 4738711.190020702
4236931.928747209 1368246.740488108 4571454.009962927
4181785.758264395 275041.62669321796 4812330.014781096
3888392.2639652775 675346.7333116703 5016140.486276699
5048865.232461844 -197576.16197205917 3898154.6899632383
4248891.246560488 445601.79589466384 4741089.413118162
4301745.348861117 743427.0471183009 4656121.20639634
4042249.1333457716 436701.9108021458 4914322.530519046
4327525.3199777575 330097.95623130864 4679009.142225234
4704988.086658947 1316400.7828047806 4106548.1739111915
4337353.459979056 862831.9414582056 4603045.308583348
4327265.481973688 -343071.05663434113 4679159.198693587
4567261.67792457 -326984.77367131104 4445533.5261285305
4331728.356648003 386139.2301771345 4667221.20110305
4081214.082592334 473078.8122628359 4878012.824548844
4237765.070192525 1541666.5381379735 4504915.036530969
4064723.9960179096 1278483.4200160739 4737521.671112565
2853396.5114308135 2233089.5065495726 5245074.104728516
3962776.6485179467 7123.8481779073945 4992623.727759985
2987803.1683322624 2393082.445227246 5106062.58283943
2959783.659005525 2329036.425578554 5151035.936544817
