3952209.4206616036 47528.86828972562 5002034.058762172
2805270.4833320333 1516804.0920192606 5528551.525981167
3985173.9885371015 -1112.8705467648942 4974310.452014675
4408411.882137598 652078.3366299582 4561838.796977591
5230308.31538727 -647298.1406244023 3595363.5095750703
4382797.295052691 -193732.96077475083 4634988.8909437815
4347573.959906788 -181533.22680473252 4669368.194673694
4266706.490277369 820865.894199296 4674906.683338863
4136006.390038396 722741.3320702432 4807104.910231093
4420416.771279168 1814297.1084706625 4230569.56350015
