4849727.215196176 -287192.5303282684 4124156.373088342
4132559.938908168 590873.37242111 4828463.882423066
3532009.193514074 1290085.843674861 5155443.033264725
3174938.766219256 1574810.262518949 5305643.5187946
3917094.762369649 94842.44743661722 5029219.391674666
3871538.332133293 521870.06003442797 5047384.812825175
3869184.668956455 568936.6114904756 5044122.940384984
4080629.534557943 634924.0094494935 4860488.212517133
3509503.4189095814 1340289.40896629 5157994.886798429
3475005.7362734675 1389199.6515694535 5168400.2031876175
2810967.0775491735 2153036.154229004 5298746.604634575
3972616.919243954 205067.50322619293 4990535.624902527
4383400.67499151 665666.1890373607 4590865.347145073
4186316.0303904293 239842.02986669715 4812325.877283721
4774945.559779938 195955.42011838566 4214706.743601988
3721849.8336414676 654521.2505304005 5129596.404196737
3791436.991395544 534201.3875795734 5104419.466450084
3805452.67648259 499848.7236053826 5098380.819178043
3785725.8755894178 539664.959559769 5108854.287562044
3971562.231428719 -92762.79144094628 4995552.38332189
4740390.301757012 -72399.11973138919 4272811.470121187
4779887.330355353 -215047.12847553872 4219042.34164802
4784748.272388448 -216102.6152646487 4218168.243951459
3746772.322537619 762698.0551632793 5107410.237030134
3720734.5777731934 655463.287876571 5130389.457452326
3859889.1005425937 1137857.4587205676 4953786.051080069
3631236.682473073 790542.6986284187 5182833.002572651
3190908.9114401005 1009335.767024886 5431545.571402069
3954673.0578808296 276.0882632482713 4998330.960895923
3972240.005348066 158777.79963460763 4991158.654649298
3873593.073956118 347685.2794061116 5047814.700863384
4217130.18530077 1488396.006156101 4554319.503978576
4074665.692690069 761154.5101282164 4849059.461018708
3648348.0515474225 1422504.8217011462 5039028.90769959
3401143.6238278816 1659289.4992676952 5138547.155562446
3981962.812503911 455025.0161727218 4959926.6617293805
3784773.330795652 416305.1105656443 5122453.892046166
3963123.941809035 10098.777829468923 4991816.873548785
3958128.0871078437 5250.262996740442 4997322.581433228
3938374.0642358176 144138.30171048484 5016593.636073752
3813385.270479745 427672.29915093235 5092628.487869803
3635341.0094714374 634599.3369911571 5207584.124435204
3153147.856077354 1071208.778641545 5444953.933413953
3848870.3684792253 389460.9449591414 5066047.839475869
2944278.6311587472 1191299.632700679 5534229.520621475
3096973.2538423534 884358.6568142251 5510355.652571515
3036095.789238689 1157733.184772768 5493243.212408131
3193432.8678406836 1121140.7639355548 5410897.6235198565
3155589.6208808166 1152221.9936488452 5426986.556676747
3047933.0063510733 1169198.475764503 5483853.200246125
3058865.7045812835 992292.3242876034 5500519.566162578
2871353.902728522 1312245.0404583854 5537732.461364223
3484414.5074792136 736314.030846168 5295872.335775426
3539115.945714357 1677015.1051322217 5040190.979984562
2850300.1314886897 1338637.5599598228 5540529.183157902
2901188.497369848 1332312.3777440623 5519527.783956146
2779800.8992954725 1898669.7513643757 5423007.153812266
2831724.5015684636 2166113.446646171 5280269.78104334
2779798.577876649 1901657.991948001 5419807.92532902
2763157.6443888014 1820721.5363764637 5456000.019756842
3933492.760276689 -102933.4334700692 5017204.499312934
4017027.9207094987 -10166.024390386092 4948612.0040476415
3885053.945238059 -110487.34749129546 5050166.249603525
3944374.770799633 287649.65758490685 5003038.686835295
3411731.022712339 424046.5461864619 5377891.212820649
4068237.8989433176 1136025.5109033156 4775900.702152644
4048805.538630668 644093.173121071 4891398.307173671
4442871.932709193 2316066.0636167284 3953503.0900755343
3659655.453261628 -380512.7384859958 5202354.32580926
3658559.894722443 -380527.9166931285 5203319.66904876
4040502.483561955 -281405.64106927125 4931605.712250734
3845567.801689518 496585.82783364714 5069355.815738782
3936337.1771784965 -32977.752726535655 5019290.492748108
3993538.086468148 -3833.522540185607 4966784.41763625
3556284.032192208 -264090.32051451236 5280760.101203356
3603242.757082396 635024.7024665189 5229346.644796706
3944105.550694363 47982.19356947324 5013155.129130075
3517788.459535345 739390.8064012683 5263840.004647769
3496947.021972848 784031.671584591 5269189.148754911
3782052.3897431446 340999.28671992733 5128887.371537678
3993554.842423671 -14637.208524108333 4965948.851407662
3188982.5408701883 833759.0667356352 5465208.542160604
5213595.9386232225 -709909.9894920032 3606543.7574840137
4707970.258895945 -334828.6728521243 4296099.116921342
4034060.029204122 -14715.259881245242 4938179.30277833
4259168.049230309 -220306.5559147943 4748095.645052408
4001994.0994087635 -32480.020872982543 4959711.869951977
4777361.505992107 15342.099303828843 4232921.433678492
4691652.304263056 -331116.9778417993 4313275.386349458
4092397.548524465 -142480.5955534179 4893424.934281785
4568092.184285098 518207.1171551684 4426023.231053712
4035634.5546802077 524567.1606171564 4914914.4686797075
4916506.728477301 -805020.7428392278 3972933.275922968
4202992.5039492585 1453527.4075704042 4576865.351175191
3285769.831804253 815580.6339335187 5411798.778961913
3967352.8685874376 -57545.27566278392 4988349.469321884
3842293.2701635594 272588.13453644054 5088021.264113365
3937381.8991555045 18073.560064116733 5018334.543437116
3616514.211189515 326392.1197247268 5247854.762345266
3647469.8139170096 284307.911414057 5229588.193424086
3966636.0114573073 -43271.00294540871 4987398.952474041
3637279.827884774 299422.30944050517 5235838.179222198
3932829.172587924 22308.505104375643 5022118.687064793
3697097.5235763877 -172669.30845858218 5199147.283190464
4007892.687975204 220287.03049647989 4962469.938475188
4921616.6323210215 -22419.64132673552 4046877.0031184377
4475862.323895732 301602.1979774238 4539730.418916401
4246005.590857601 360054.8722768336 4748067.257029613
4104257.6413996145 41046.968110310765 4884232.798029064
4023548.448739469 -17766.829989354635 4947141.162133879
4197630.624151975 750055.3209232782 4748765.509420862
4848002.22796043 -750856.9666721966 4073600.1029745825
4872643.1250712015 -781953.8820372171 4033777.8528055158
4556891.118838499 -466809.7775763796 4443232.40577329
4015800.5456424244 -98845.36240645683 4953351.02914277
4775810.099171319 -663378.0963853745 4178717.9946238715
4079193.2046882575 330210.546068795 4897397.409078734
4075277.9604395074 33857.239666053385 4908691.107877864
4377146.734927026 474660.0525573362 4605987.357280081
3969318.37042477 -32630.519771344974 4983854.861749979
4020872.0657929843 -22386.839893032848 4949346.901881727
4128510.084125754 792485.2635995393 4801379.958380562
4236504.779561374 1606167.3821134148 4494211.839200793
4231862.622146824 1584417.7764405338 4506299.464372162
3752293.9448573124 807368.0842849362 5097680.661558668
2818065.2609457583 2112173.8192781606 5313939.870027758
3548729.2402634933 1218324.0155449687 5161395.787473121
3572925.2588820984 840259.2208078678 5220512.799705565
3618709.484270314 -221646.72862538832 5253290.478444033
3447330.3077554414 -133035.63659643132 5357091.8246308
3892560.4860925144 -135251.00316139517 5051257.013719955
3959395.653841127 -4975.525938517209 4993548.284093649
3798291.1558058 -164242.94494924985 5121796.721382237
3657049.540892938 -299957.3650913588 5214929.138451087
3856076.368750413 -73703.81909178745 5083147.042398135
3856548.7694204273 239795.4250764359 5077366.091183322
4863333.194923033 -17570.480059299363 4130274.0370846107
3846955.6011457327 227203.72287545755 5085665.765734217
3992088.994292363 290008.5838682315 4968112.560580379
4154562.8090743315 659207.4344091275 4799845.115064145
4101894.7503576525 1030857.5218391042 4777829.163235127
4200405.730649279 1438038.4166616318 4584986.032133904
3390404.9528835635 1502845.4552298656 5194983.758196607
3601290.92669776 768303.317206668 5212119.480564373
4885209.0656987075 -775838.8876424972 4022007.268065638
3945372.4523648093 -224172.64737694032 5010954.075700346
3805723.3922838178 -303193.065698061 5111513.020427548
3994338.281952134 3904.0050928167307 4964762.494368176
3919741.462724834 -113459.42124070313 5028722.881542837
3878837.0742706233 -153891.6119626031 5062633.899605546
3873398.6381120314 -136683.48523359842 5066782.065249822
3908862.374407664 -88704.49628866029 5037122.4108923795
3956022.1967303855 -16501.997126945247 4997031.919340852
3905906.8560632863 -99551.11283354655 5039279.0010973215
3856486.040089636 299719.70828605484 5064778.774367512
3871066.6009572046 -424702.864225801 5053559.392061801
4252419.997727266 559615.1997004626 4727049.972864943
4720489.821999328 -672413.597735431 4242439.804960143
3845517.8762887665 1093175.4740703218 4973425.674762886
3414225.885897109 849743.2279902601 5324168.841441807
3876630.4777937876 -116545.55406335572 5062816.765938145
3839979.142293684 -546920.2350902674 5061626.466376423
3598567.7011075467 695124.6372863665 5225357.701120474
3511323.660792921 786997.5253367648 5257551.753625028
3948068.5100999847 205665.79456627308 5006798.40883646
3553033.1840905487 743691.2274182647 5243602.96418536
3822561.0048458837 392258.8784021715 5095461.40651956
3996397.2131708805 -11439.07873243006 4961840.511209401
3932397.498207274 241617.9938268723 5020478.424449332
3866949.0339148827 332398.3242133321 5066140.851965027
3957044.15343306 136246.92489820294 4999806.599895742
3995375.342953697 -2859.031126089429 4963566.670156013
3812503.586569225 396943.21437597886 5102628.6456827
3743823.864295562 493016.7120455324 5144927.9881800935
3959688.9679155843 68770.97522558877 4998250.209492832
3950666.7579121995 63027.6047451781 5003227.859118211
3953241.3959490005 34706.42210172086 5000838.25293931
3934664.8602879173 219293.04941500802 5020075.023815354
3721342.363361497 524788.9592519774 5158833.254682913
3951529.0934415963 61799.642898173865 5004115.539835015
3754103.1798839173 517719.64888083475 5134878.642000915
3510684.0275471807 787562.0553544142 5258198.494600602
3516308.7816382893 783990.8129764685 5255628.674741581
3470949.114981198 824528.4268051877 5287899.595368788
3307958.8823089967 348847.98278233496 5444442.173317457
4219766.871002802 591096.9912498506 4751592.5336724315
4695935.831696325 -193780.2773750759 4318782.504764506
4161343.0728203636 473242.3118850983 4809620.339729595
4815869.928767448 -252051.9149399604 4180589.236710241
3904118.2317498266 409719.3393143898 5032627.930041559
3926022.465903201 280112.2128461567 5024463.924854251
3927093.8525648005 273644.90765407885 5023983.013942895
3390490.1410751804 1686595.7326037239 5136697.178173823
2826083.08927908 2171117.054153438 5281724.459402526
3630670.355519177 594024.5522445623 5215622.742071066
5017513.008048631 -668944.3917188947 3874603.305896825
3970489.6322604176 307325.0088919554 4978101.0856637
3304226.7046496635 1232377.0111795876 5319381.767743042
3721358.4728252767 552907.5330850314 5156628.971958847
3344103.914866373 1159895.7025692568 5311944.189710653
3921262.683181676 576943.9181754037 5002817.973051914
3114630.3019813607 1674181.7786175096 5313158.491787499
3179957.753142946 1475480.1541397562 5327427.502931484
2821475.4041134818 2132858.922529207 5302988.39082514
5272360.662143932 -703483.1083578987 3507823.7924988917
4621049.2418391695 -366606.0824835826 4388239.281721961
4827090.257322067 -326623.51934823865 4162916.010562662
5222145.643891545 -651933.5987223707 3604513.0325638256
3523544.9917864217 604949.2696841342 5284769.034940832
5376644.040504018 -733640.7947374369 3344261.7888309304
5322304.277005942 -759940.3345809078 3432330.681310633
4162697.973935915 1250215.6293468634 4673998.228995241
3955111.3675057115 2208.951130351047 4998168.56670631
3983198.0299511743 301945.2305458038 4977200.934333244
4023139.543857157 442382.0045722715 4934390.841985203
3682155.303660537 1093011.3360400808 5097490.708744495
4880130.631769534 -152000.1600321125 4104313.112277241
3129311.2205256224 2179629.232309081 5116865.65750755
3324541.391774354 1785219.0370412066 5146455.273269623
4011488.0229750494 315429.16651962476 4954373.953302321
4121217.8987261513 1180027.8581989182 4728045.322643881
4195587.581304836 1287605.799144436 4630733.720891998
3319127.490684423 1796592.525510496 5145245.30000531
4185499.6507096654 -134898.3643284255 4815159.724004468
4186132.63501239 -135211.31679425368 4814541.016510711
4076670.2239075997 -93295.66008914953 4903991.075998985
3980450.1668078466 90190.03519415997 4976805.618763411
5035433.790701741 -500827.96225747996 3872095.04395348
4646240.007255637 115904.76725577969 4374247.006640746
4382924.19648818 802282.327039047 4569003.81010831
4103644.835456369 898416.2791762521 4802807.10634441
3026561.0025465596 1224530.8528165745 5483657.933210702
4549537.291258385 26044.92941239667 4477295.18861167
4684246.685330075 98693.52174274417 4332399.117596302
4411236.4858990135 -58670.29691101144 4612472.595957369
4085766.016403827 -71531.30668207085 4898726.213268604
4317643.54151411 -71972.69166256172 4698358.002307331
4785993.138515006 172566.93897065485 4202593.203352257
4073597.856126091 -80279.68818943942 4907625.064060836
4259825.685963376 -96817.74065144504 4752048.669616274
4543355.8576011555 17921.106192682146 4482739.047934655
4710504.498624517 107718.86574812424 4302104.587370712
4686182.943195018 97588.76429418719 4329162.501456443
4365084.865418783 -65905.12128128181 4654404.8352555
3948653.706143152 -8407.887706495998 5005080.443370542
3898806.608069096 296095.4721085342 5032256.2094728025
3802189.4346263604 -385072.5809860341 5100690.982696112
4218816.090620737 98390.49366519024 4788461.674940699
4111345.3590775845 194461.45791240767 4878153.03844619
3713273.5742606213 546673.090999284 5162750.65726053
5039451.243945619 -279896.27505555435 3906283.2641571164
5112558.175541501 -404432.1443337755 3796851.9515115875
4852139.265604785 -195306.15784894128 4132691.9788107295
4819654.96845615 -253177.86679810012 4164186.8959258436
5090406.715783977 -350331.7798432918 3820870.042314606
5047659.854419201 -415436.65410403296 3873817.0090038558
4966501.909515314 -145406.9214080908 4005743.856842492
4991056.258980486 -243055.56110758393 3970357.80738152
4474227.752562782 537875.878151893 4517309.652549881
4926659.36693258 -785331.1566260847 3966185.887248452
4554583.587255948 626573.0308160911 4425490.743581063
4321618.561201887 897953.717784195 4608588.272992269
3486175.598975768 1680031.722572455 5074422.091872155
4453175.946994651 567384.3401539859 4535326.016126769
3357626.850815413 1770800.0913690957 5130708.604892269
4565622.56541378 613077.5313157128 4415102.862426347
4319593.322606313 900207.2043739157 4610056.788520967
4599190.050342714 -315315.5385600952 4415106.691897166
4447134.748683734 -281660.23727328895 4570426.6919679195
4220649.997008406 -118778.09502388442 4784735.834183581
4233848.163810804 -185075.9098337558 4772580.800664468
4776497.801430631 -301432.43249964505 4220911.0768252015
4626715.888851434 -309252.76860557124 4385797.053636143
4608819.239569201 -311288.6338430615 4404456.560137799
3991764.3381737424 -40130.9440133099 4968910.224262554
4750552.022189722 -300710.7452860903 4248963.811844438
4774451.689220363 -259661.54004973566 4222144.7191023445
4098008.8548214487 -118404.73411756133 4889666.594886051
4091947.959990904 -117729.27392018121 4893683.173967488
4530925.724025162 -236345.61470583852 4488253.49579994
3986073.202569887 -33185.70516431482 4974181.596265962
4621687.903253816 -137652.90460184612 4398050.288541619
3781591.5595751097 -396060.005889823 5113053.329626618
4800625.392007299 -351440.80889904994 4184435.05906773
3919215.1649618605 339854.3214607921 5024156.917362494
3978189.94912108 299959.51871586376 4980935.201151262
5126479.187855002 -439404.1688371747 3775158.483444375
4712093.439763502 -225596.20259467268 4297706.250234959
4609327.385910138 116513.42241706054 4412492.751345828
4786420.470992624 1092720.3574990043 4075567.719262066
4462790.89415427 2647072.9497430096 3716175.714161208
3578713.2573999665 1504426.0303071828 5064337.768849931
4175239.937882475 870960.262541014 4746210.009052974
4696400.027527176 -37378.03461261874 4320211.036713397
5069103.986732928 -400638.5704839939 3846665.1431880426
4481216.712620983 -220187.26061548505 4539555.851789141
4440586.889213241 -202888.48930280106 4579267.742844473
4311074.276771827 -169231.85267277338 4702729.8328308435
3681328.5069789756 -360373.6039134418 5197973.805352465
4200938.825708345 103622.47086612372 4804043.138262581
3841516.359832709 -376325.51675269555 5073643.480048876
4886146.014728067 -336274.1575454369 4081192.3342842017
5047451.969792528 -375267.63694858766 3882893.686432525
3188363.2331475057 1879363.9418787397 5199595.250806374
4006530.710618389 10628.952112460238 4955800.8288608305
4768502.460323211 240894.40132339828 4235647.194942768
4319450.280657234 597375.536868474 4660777.26646589
4284052.669497196 -123630.4754935677 4729603.862366508
4868292.769779506 6117.6803406436375 4121900.781132514
5032575.097853193 -503116.17760511365 3892252.3819870604
4911056.749414886 -61374.49764239274 4061220.0545484656
4908533.449582855 -69140.31872310549 4065137.2950709923
3781647.779446421 909359.3702144534 5046175.31934941
4028983.427417562 629337.107889436 4897154.764192366
4151884.6521004387 -129027.53504151522 4845398.518337778
3995432.500852371 -2719.60505508016 4963637.558053258
4283112.64438797 -166037.9056086766 4728323.82666257
4806115.685438075 635638.7992327972 4150515.864790783
4572494.680012895 582505.7786315671 4399040.014880019
4217880.991384676 235742.31187500933 4784470.333316286
3953912.569975546 589011.4729016036 4976031.282914995
4307796.425186143 -77900.38933608288 4700091.551789047
4263413.765099865 547668.6013281047 4706739.06343206
4003935.826101415 28162.855302745997 4960483.0185322445
3983173.1952748345 3267.4166188137083 4976262.751354344
3961528.703084544 265555.18115128914 4987390.356077014
4577030.344673169 108982.70533388833 4446635.488450017
4063834.367309462 694059.9463240664 4863014.694108186
4423987.312918232 1859763.8851172905 4202241.254717769
4438551.296705323 1863698.9260135775 4181016.2606805693
4641888.043175065 2162378.4133535675 3801823.7161992243
3991799.073014168 720467.9268218337 4921029.994684576
4004842.1018512207 1261722.9320694779 4805318.794804242
3951361.5772119444 174731.28988603983 5003870.246831337
3979165.994996317 177213.36968949475 4984022.862655454
3947151.1486989884 225310.4246817757 5009870.220937661
3887837.517937012 929297.4853819973 4970822.833224402
4349808.281649909 479378.04120007425 4645312.822113172
4054409.9919441217 675638.8369040728 4882891.02540847
3503418.0245554573 793256.7956531142 5262666.604498056
3290816.827102408 1816703.4259895855 5157865.156941032
4393999.956541228 685803.6702799406 4566769.927437801
3435613.9023477393 1716004.6102221697 5097582.269705923
4256295.938777104 522230.40033893706 4727416.964473027
4850307.324692995 -223220.24326381052 4130112.9129353985
4568640.371699156 716492.0388117498 4398605.02132494
4930125.668401131 -51199.76115437807 4052752.3116340376
3992750.0712304334 45507.34298152729 4979279.961716165
4477460.9835028015 660455.2768225033 4500388.311607282
4063853.8044152083 693844.2783765685 4862650.345311715
4537872.676062838 553241.7687418974 4454109.364313098
4649300.710440188 983490.8980652058 4248196.581765403
4060386.7145642997 70448.98225939789 4917110.061649256
4391661.50920961 387541.9475127293 4615243.5920727765
4595333.184761594 691533.5825520838 4374284.278099853
4473787.187264759 910934.1430622629 4459259.332989403
4588264.903912902 660279.9222739819 4386516.193537075
4604085.107804869 848247.6142724132 4337309.241317661
4642476.721952381 1005435.4069842851 4246486.690031257
3981196.127488906 -43151.862686841414 4976575.271915214
4049793.3549910635 85821.06821070913 4928248.599422051
4397873.903945416 579225.3484473005 4588329.73199355
4607865.085943579 798318.547418248 4342790.975326143
4403494.271981957 607588.9375010366 4579262.002597411
4653368.132025185 998445.2121047865 4237978.618133704
4775269.550377491 594960.5397717914 4190551.7389379656
4820274.842533925 -45936.188619047054 4181241.857694159
4589967.492336176 651614.5381413312 4386030.73785171
4737975.010568423 797881.4953808947 4201004.358875018
2974749.584079483 2090068.570189138 5241854.7212191485
3318754.3710442125 1797663.9649736404 5146623.49491773
3725100.159599835 1512227.6574855042 4956044.86142783
4477486.025301288 3003417.2913963553 3407450.2307879804
4533142.6498764595 2616472.7441234486 3651597.6443681666
4534633.094530151 2614168.6413987232 3651423.521411815
4216572.021656249 1547052.9955901664 4533951.2595312735
4492457.607853193 2334939.3727867855 3884285.84231658
3927275.3458924717 230365.48865844667 5023204.849253544
4430565.7658618055 3090460.6208629385 3377730.2245373083
4535295.545456495 2558741.61266863 3691757.817601855
4107499.4307020754 987867.4268165411 4785154.802373795
4189906.8548994674 2142607.4382864553 4309954.483568824
3996672.2781263115 1166664.6085529986 4836041.576555719
4535846.422443309 2422526.885697203 3779831.9328354336
4547315.899128579 2369301.561457105 3799722.994271209
4530339.9689666545 2810900.5635542893 3507753.561557367
4897283.524841306 -782401.52767348 4000293.4166659717
4475287.294750526 2733013.7287633237 3635457.4027151945
4399766.15537538 3018790.421111637 3496856.18060251
4838236.034559933 954486.8634892959 4050913.99100711
3781877.3368551494 160888.0847291242 5138946.360748436
3883856.0540233613 489612.1371984211 5037763.999706028
4883358.608559213 -443990.768586665 4084282.9676510487
4890929.137610837 -568841.2018380582 4059669.7304318664
3982961.9874188174 1630203.1746458844 4712951.423564667
4911613.902751028 -779944.4559205148 3987384.108489884
4289500.333249975 -18866.329481232486 4725399.195988025
4029282.226651524 612393.1537351018 4912342.192683396
4080587.174356723 -379981.32514558954 4892237.6387293385
4694467.011621938 -710641.8621039127 4265480.114517342
4121981.0880400683 -136164.0280348224 4869151.103290321
4905693.36919028 -790331.9264145471 3988145.6096753017
4147566.529978746 -138820.92657047836 4848433.8453058405
3977294.0927121383 -15063.534385133687 4979809.891114815
4889029.885477036 -748650.6758687906 4023821.4837294407
3971168.7588858833 258056.78608607344 4982413.495669411
4412590.381342174 -283029.4094000443 4602011.20040849
4325883.891632618 562141.3232421499 4658347.663071317
4919514.639205413 -147210.91771004154 4053833.0048091034
4901724.705822107 -685926.5339749614 4019325.9445342664
4911692.901171445 -58553.0939644069 4058687.133294489
4645405.90156253 -391963.6305791631 4359337.035319387
4674590.27306138 447312.33105752245 4322681.1778783575
4829123.139880171 262973.0159340713 4163675.1432345705
3672968.656061837 1545482.7362351026 4984623.438717368
3718465.729099786 1325475.6911656163 5014936.3424044
3991444.890318847 1627334.6494115794 4704344.089286843
4119731.4701837637 678988.6677742731 4827425.59425701
4337021.934221012 391341.9710961949 4662598.059119549
4337447.759227423 375358.60752861854 4665298.376879144
4296583.465222004 342298.7376038671 4703260.162671387
3981892.8999796445 416.98285092282316 4976975.850732351
4084368.928436958 134707.47154585924 4898789.272688146
4161070.821252337 661580.2826949368 4795095.542211404
4268415.860126398 617521.7543555753 4703191.959059298
4474484.634944434 337537.7139872887 4533960.587317275
4344632.325324866 2974720.4618385155 3597224.4133874243
4011526.6698319395 92785.55263071679 4953379.876665032
4007977.546581146 15179.744363987747 4957431.599362963
4270196.598191188 410420.9787705042 4724274.480885978
4273334.381815214 523033.9840695359 4708711.338733065
3716454.84412467 737360.9521077778 5135943.281535826
3951535.4944127817 673248.0805805963 4965278.173002041
4570226.45096163 870164.0695464503 4366993.471668697
4900556.946068263 -785643.8647387149 3995027.732221833
4721585.586318974 -300862.9156793407 4283639.896368839
4443833.942547706 358166.88952742296 4566140.681791043
4478189.7311862875 294065.53098795406 4537929.2523916075
4189412.7812849428 2396775.3399614096 4176331.359681512
3651096.2943404857 2874058.245879563 4374431.159657888
3726158.486043858 2861869.353563879 4318695.775606243
4181647.940789274 2652219.0783699467 4025089.837182805
4491607.632325521 -212447.38455844123 4528763.864000684
4033811.3780649477 609840.574906005 4908555.321832696
5208894.686552972 -80009.17052242263 3687582.6150079053
4568716.933833921 2464322.326699594 3711567.699288008
4636803.336870291 2182408.2862251326 3802491.6338071567
4355890.613418167 1442934.9837817233 4437262.185782844
4488328.58492609 2487921.1605187296 3795077.0638919184
3998235.1431826865 2582814.401703791 4252121.646060283
3685559.7797458484 1200498.5540791526 5069245.118293512
3293885.9236080395 1785011.5250116296 5156936.1621098695
3102199.090106758 2618407.5452792295 4924415.634463606
3089268.767139559 2643897.883306593 4918131.373275012
3149252.560123768 2686580.376019417 4857371.800112202
3093552.0330198742 2489324.9659960037 4995486.829998914
2937763.9127295082 2450781.4390675193 5108109.252920335
2920695.5703288666 2374600.787033921 5152176.183594678
3517020.7371274014 2895292.670098157 4467107.871709807
2982371.600126663 2482526.387832322 5065996.062991278
3356516.7580293925 2826549.684796843 4633173.341171548
2895501.31901879 2096532.5668242227 5279995.06212713
2891184.4719599867 2070724.468523524 5294439.780187458
3866291.8844303335 339956.6755091176 5066140.851965027
3919395.5148263243 247205.5649005091 5029822.192080106
3597542.948760578 709592.5546170989 5222638.880491741
3775887.1001133453 491072.25940932933 5120889.5537904585
2912164.1509181983 1994075.0670387244 5314667.726423017
3816777.325103134 448098.1517878405 5090018.415871095
3863212.5281190025 319446.7581547185 5057117.330750575
3113130.4266426 1556765.4965421436 5348522.587898172
3243550.253581289 1341665.823514339 5329998.234454712
2938108.4103630856 1999436.2510466531 5300147.864420691
2853212.209124512 2139917.120958532 5283007.5922107445
4538378.894682193 595152.1781512015 4447749.173949687
4925815.034592418 184237.20157408516 4053984.507591075
3605357.6601138352 1543470.9560255539 5034755.433083523
4854321.757994726 -230622.2773056685 4123303.583783922
3063013.014643295 1925971.7513775106 5256460.579400424
2866939.040765211 2132827.94430926 5279094.341985734
4779474.0677263625 -529347.6003340578 4195486.290786302
2878908.590203328 2114613.886398056 5283872.1597712785
2986249.1615182753 2339499.1700807777 5130980.488940369
4229082.996965822 2632269.918630421 3987971.0730660995
2897532.39881992 2245775.0610717745 5221737.276413085
2958710.7424906725 2355573.33202883 5140329.900106499
3266760.746393083 2798963.7334226067 4715423.6897071395
3098819.2210134394 2580831.0863679238 4945918.780996976
3556669.8534864974 2970885.5403668256 4372728.407105642
2859601.343134513 2146503.1555460836 5276352.2839243775
2988780.8582845093 2399522.2255587974 5101685.195898554
3530860.0142366244 2839594.645893587 4493389.987887366
3571287.5835381094 2862881.0181089896 4442064.988305976
2959987.321348254 2331539.8005088703 5150542.076162919
2830897.147432013 2166420.5495686578 5280367.822705908
3087278.645385294 2557651.498657074 4965160.202791967
3513045.022665199 2836087.5537304794 4510078.549041728
3096319.8835724415 2341898.243126953 5063440.774625178
3149963.7709311103 2385930.6760315592 5009489.826168134
3177243.264577908 1429909.8199204654 5346966.406606024
