-232.9384999999157 -432.32392857139786 1845792.4285714284
128.5452500000168 4.979312499999043 11590.0
257.43344444438395 784.1782222221143 -2182480.111111111
-190.38927906975186 -18.129558139530246 4651760.674418605
149.01533333333703 -582.6640000000006 6705.0
51.468 -0.20077222100895364 0.0
1150.2635384615803 1175.925307692309 11574.0
42.511,1.549,10119.0
-184.20299999998034 -397.0258947368464 11887.0
-298.62444444448926 27.048944444475552 11277.0
498.32273529417284 94.43741176472713 4725767.323529411
500.4691500000542 -266.93895000000197 135349.8
20.4932272727117 -147.5248636363658 -188033.5909090909
42.972,-2.153,11582.0
31.330749999975765 -148.81687499999998 -534981.75
347.62155555539323 924.3281111111241 304842.55555555556
-605.794000000337 -1244.57529999995 -3019814.1999999997
1724.137111110869 -1413.923555555571 2.0655210444444444E7
36.93558823529351 -59.52188235293974 235898.64705882355
705.4681999997621 550.4915999999758 10363.0
133.34281818182112 -710.8239090908153 2942830.090909091
-911.9499999999692 -848.4475294117718 -443589.88235294115
-373.3340666666197 -845.8661333333341 -2014196.0666666667
85.55649999999208 91.37399999999965 10668.0
249.81342857142334 -102.95428571428822 11582.0
-1083.4119999998086 -574.4280000000225 11582.0
-28.760545454522322 49.526090909092154 -499512.04545454547
369.52400000001205 -739.2410000000045 -2676692.333333333
47.231,40.4,10370.0
441.30011764698196 1693.5327058821872 -261636.88235294115
587.1839999999222 -493.94800000000043 11574.0
749.4851818182921 633.7413636363642 4557910.2727272725
880.7624545452876 -375.8594545454502 5126551.272727273
-180.65150000000884 -1121.34058333333 -2056941.5833333335
457.4164000000153 -1219.042200000006 -147807.26666666666
2431.7956666665 -432.88266666666703 10363.0
394.89454545455857 594.8289090909582 11277.0
51.5694444444141 146.61133333333925 -490068.8888888889
-712.8306000000289 -23.066466666744297 11277.0
74.15564210526617 19.99266315789359 165813.05263157893
-86.28649999992395 -750.0582499999779 -2606583.5
217.8730000000063 114.6850000000001 -1537462.5
51.541,10.953,11277.0
-220.36268421059725 -83.8641578946804 -1730784.6842105263
51.659,0.363,4145.0
422.4281428569386 -1653.6151428571238 380167.14285714284
577.5835384616138 -278.1058461538464 11574.0
-34.005315789470636 145.36231578947547 11277.0
-1.262684210528306 -367.064789473684 -1589722.4210526317
377.47700000008433 -181.43200000000016 11590.0
-135.99437499996233 -767.405437500007 3471357.5625
640.5526363636591 -250.0723636363743 11574.0
-466.7335000000535 -159.52478571428585 -1989547.8571428573
51.465,-0.356,617.0
53.42 -11.019884615386207 104937.46153846153
56.086,16.601,7315.0
-704.1787714285327 -429.4222857142893 11277.0
49.751,2.013,10942.0
7.002799999998267 -68.0570000000029 10972.0
-408.05375000011657 -1041.8192499999777 12184.0
97.32036363638805 -98.88000000000116 1529163.6363636362
1433.319263157884 2551.674947368423 12496.0
-172.81523529407303 448.1484705882357 3073190.8235294116
-214.55311111096412 637.7888888888931 -2248562.4444444445
405.98575000001347 -393.88449999999926 2408121.75
283.7657999998617 -1338.0093999999042 3813322.1999999997
1430.6227368421064 1143.4505789473671 11887.0
51.885,-8.24,2590.0
437.6980000000151 698.9390000000006 10363.0
-7.764888888909184 -103.50188888888478 10972.0
136.649500000003 154.696699999996 10058.0
-221.67216666658703 -268.1081666666711 2312251.1666666665
753.7290634115404 52.26235003170565 53047.037412809135
49.245014084507375 2.269676056337386 457.0
248.99376470588976 171.90411764705465 -947615.0
282.4792857142947 -46.35185714285543 10980.0
41.797 -347.0250555555441 3212650.5555555555
344.7973333334096 548.8873333333338 10972.0
-185.03299999998046 -441.863999999999 106189.0
38.758307692292526 -86.91184615384616 -328125.8461538461
20.451799999961864 -405.33359999999954 -698025.5
722.5670000000258 450.603333333317 12192.0
39.657,-0.402,4305.0
-359.5497647059875 -251.45994117645824 -1697985.7647058824
958.3835999999761 1515.4537999999986 9753.0
-301.15709999989394 528.7771500000005 2743.0
85.1650909090876 190.09790909090802 10668.0
28.60418181814681 298.78409090909275 1864172.1818181819
-100.61911111110011 -336.70361111112015 -698215.5
569.9830000000015 -403.8415789473688 10972.0
60.33 24.830079787234315 31100.776595744683
358.57225000001205 -617.2693499999982 -3385083.0
-632.0959999999525 3313.6992272727334 255617.7272727273
51.584,0.323,3048.0
-415.895066666483 -1531.151400000001 5830941.466666667
276.8601818181902 600.3238181818188 11277.0
-12.644444444442811 -13.084777777777031 11277.0
506.93516666666045 342.45333333333366 11277.0
-97.57372727270736 -190.37554545454563 571621.2727272727
-186.02341176467985 125.2870000000001 848354.5294117647
693.5231428570983 -280.7260714286524 10363.0
-1947.3271666666562 1784.8840000000662 10668.0
-638.2546666667874 864.312000000032 11887.0
-640.2124285713804 879.075 11277.0
523.2004545454724 -681.3725454545635 11574.0
-39.98833333344621 -402.1190000000157 -322990.6666666667
788.3938333334376 -286.54349999999675 -3182576.5
-221.1033750000105 2556.4507500000227 11277.0
351.27900000001165 340.3116666666632 11590.0
-447.73737500035975 -1139.074000000001 11567.0
53.349,-2.273,82.0
193.37985714283982 193.63057142857264 10058.0
586.9816428572185 -838.5945714285671 -7620908.357142857
54.381,8.92,9761.0
-287.6276111109746 -1588.2508333332821 2157061.7777777775
50.41690968801558 -0.434 0.0
388.779500000048 86.78100000000337 10363.0
48.998,-2.112,9761.0
95.50015384617603 245.11446153846177 307828.4615384615
268.2966842105044 271.2602105263103 10980.0
818.6798947367885 805.9365263157786 11269.0
55.703,34.018,10058.0
52.323 -101.621769230768 -407805.6153846154
51.67,4.57,5577.0
706.7794000001667 147.60099999999684 10363.0
-40.91259999999722 -29.09800000000059 10668.0
-105.10708695645259 -96.15665217391312 -972542.0
-31.66633333331675 274.6465999999993 -754729.5333333333
232.6828000000069 -620.7825333333271 172744.26666666666
51.478 -103.63131250000009 -346539.25
175.222800000005 -129.25240000000096 69520.8
1172.6474999999127 -302.98550000000023 10980.0
53.513,-2.112,10355.0
2627.963000000098 2866.711999999997 10363.0
70.36740677966229 35.44038983051085 -184076.2372881356
-468.41841176462265 -1326.7879411764523 11582.0
4.470299999770866 -666.6407999999686 -1821368.5999999999
207.31466666631337 -896.2340000000345 1722.0
293.67500000000933 -290.16375000001165 11582.0
3464.54363636334 61.20281818181158 490970.54545454547
405.8894615383563 1187.9176923077073 -3023736.8461538465
684.880000000024 -1546.1202222221768 -6931072.0
717.2448750000252 -1988.10162500001 269831.5625
570.7973333333533 305.79977777778294 10972.0
358.4651111110135 -432.287444444517 -314538.1111111111
511.29742857124637 -501.3922857142674 8534.0
9.519266666614143 807.984933333339 2455179.8
534.0420000000186 -417.9704666666634 1249881.1333333333
-114.85115384615946 -599.376615384594 -4884073.076923077
62.119000000000426 -39.81699999999839 -140448.33333333334
330.0155757575755 134.84638552188665 12192.0
618.4294705882992 -459.7088823529377 10972.0
-89.8091818181867 -329.7864545454476 -1129019.2727272727
-88.04162500000533 177.8011874999993 -703295.4375
78.43446153847091 -26.084307692309892 -11676.23076923077
-7.3647999999766185 74.55120000000007 -362928.39999999997
2056.764529411763 -239.8144705882832 11582.0
375.26618181819384 502.89154545453886 -137167.81818181818
51.598,-0.571,1920.0
47.77792509363134 17.249149812734913 2487647.9400749067
108.25200000000198 217.84833333332637 -574271.0
498.28200000011566 1124.1780000000053 -281377.0
1078.0381249998516 991.0678124999964 11582.0
-799.1886666665739 1391.309333333323 -5574303.666666667
-184.642999999872 -340.21600000001314 -2423937.0
186.95399999994802 427.9039999999723 10058.0
-581.0315714285018 1105.7539999999988 -1496823.8571428573
758.1853333336177 438.5996666666671 -2440129.0
-131.51369230775498 -429.6107692308139 10972.0
52.383,13.552,320.0
40.643 -322.10920000000027 -914531.7
818.1470769231057 1583.9376923076318 -2319595.769230769
117.66099999999022 -76.31399999999948 9144.0
-350.3381428571581 -433.8990714285681 -765502.3571428572
733.1464736841356 -452.1378421052612 11582.0
43.246909090923985 6.235 441.0
177.71672727281748 -460.08827272726916 -403401.8181818182
656.7021818184937 -293.95409090903024 499284.54545454547
401.3829999999313 1138.5577999998784 -265527.2
-405.9657142859481 -640.3179999999954 1668.0
167.6809999999663 396.15800000001457 -1341665.0
683.1339999999077 -1172.735923076924 404416.3076923077
288.66755555563316 1170.5448333333763 -2234790.722222222
350.66439999991087 -766.9406000000289 -3551345.8000000003
295.85106250005543 -151.29243749999688 -1628884.5
404.7849473685993 2162.0815789473663 -6372416.736842105
67.30466666663152 -237.099333333352 581675.3333333333
1189.9550000000431 1522.694000000001 11277.0
396.8841666667537 1254.9023333333346 10668.0
-16.657666666627797 1046.1950000000086 4669228.333333334
-64.21809090911216 12.811 -48571.27272727273
-1217.491999999714 1032.9913333333343 -744961.3333333333
223.45866666666288 -229.02013333333747 10363.0
43.871,7.077,5006.0
-363.5671250002103 -156.0132500000549 8799334.875
384.1451111111516 -233.98311111111136 105074.44444444444
75.99521428571522 -164.44142857142853 2743.0
-502.42899999978346 2520.7809999999467 10668.0
307.0999999999624 -195.45199999999573 11574.0
-57.10843636362658 -177.20094545454566 -854302.2545454545
1186.4844000000428 2084.062400000023 10668.0
-319.1660909091049 259.04709090906675 10668.0
424.6154000000145 -354.8074000000145 10363.0
59.417399999997755 31.589799999996682 71043.0
794.4646000000284 -1180.0972000000081 10972.0
-1161.1811999997294 -1734.880399999999 -300656.5333333333
-66.9188235294164 -208.29170588234857 3657.0
-355.3791818181973 -1174.5586363636273 2789235.4545454546
895.0889333335771 -926.6304000000356 4074262.7333333334
21.047211340210698 26.387469072165768 350.0
-174.14486666669706 -232.99260000000018 -2209366.0666666664
-836.0087272725141 1303.5993636363592 8823.0
-746.5106666665782 990.0099166669405 -8025856.666666667
337.6017500000441 365.284937500005 3768716.8125
506.8962000001155 -783.0617999999685 -2189380.6
947.8993636365244 156.82218181818786 5661219.090909091
108.87585714272316 546.0876428571429 -1090098.2857142857
472.8191111110275 969.9075555555424 10668.0
-449.48500000016867 -1192.791000000008 -493450.0
83.98853846153983 -335.26253846153736 10668.0
689.952727272535 501.4769999999953 375977.27272727276
-2.975909090974241 699.9168181818129 -2019307.5454545454
-413.9117857142073 585.869642857141 -3863782.7857142854
141.88660000000345 394.27660000000037 -573478.7999999999
13.018818181833804 -16.76345454545456 555518.9090909091
-377.19239999987104 -793.3765999999939 -1071229.2
352.0333999999566 185.46940000000015 1578123.4
85.28220000000202 54.61039999999973 297708.6
2.6522857142580136 489.8801428571734 3305867.5714285714
-14.937400000076991 -1686.7408000000087 8526.0
14.929636363720824 -235.59036363636363 -687690.9090909091
-270.794888888825 1304.1615555555281 10058.0
55.47,12.807,2049.0
-1196.5613913043953 -357.0619130435002 10972.0
442.11339999977974 -48.57079999999453 11582.0
-56.503272727020665 -1135.4203636363632 -2484401.2727272725
38.628,-9.217,952.0
58.77318181818016 180.14329545454518 -650184.1875
1396.4724000001622 -1051.1537999999853 10972.0
357.9406363636479 -983.3122727272698 10972.0
237.30933333336284 188.12041666666786 790476.0833333334
-117.47371428592083 1644.6362142857015 -2568460.6428571427
123.28083333331065 -123.1869999999985 366213.5
3.4307499999519493 -257.1791250000002 11277.0
133.93266666666995 -80.42722222223965 -29521.444444444445
204.6410714285772 368.13357142857177 547594.7857142857
249.24040000000744 307.33924000000025 307384.48000000004
102.53746875000178 12.642 0.0
137.25835000000345 127.4638000000046 -697551.3500000001
235.62576470588954 70.24352941176477 11582.0
51.478 -426.7919333333331 -1705305.7333333334
-980.5145714284577 3398.6400000000135 10668.0
528.0429000001975 410.88830000000456 3743648.7
154.99360000000377 764.0910666666158 -1483028.0
-216.26609999991967 -841.1716000000007 2906791.8
-579.1920952380257 -177.81671428571337 -2404812.238095238
-229.52130000001074 751.3198000000007 -494621.2
100.81600000001586 81.64649999999841 11277.0
-1161.0670000000457 252.72550000000578 -5757884.5
37.33324999990725 -343.75624999996796 -1316853.0
328.8624999999449 -1133.3965500000043 -2929962.3
52.58676847290628 -10.999463054187302 138346.4018296974
-53.79046666667744 -68.05913333333339 11277.0
427.5100000000144 -1009.6270000000009 3878008.0
233.9391764705618 210.5565882352943 -1390940.8823529412
1087.9566000000955 11.386 11277.0
-847.0942857143756 -610.0321428571382 199840.42857142855
41.99712500004247 -176.2036250000184 906348.8125
-112.5110000000783 -572.9700000000039 11285.0
589.7670909089816 79.09236363636676 230703.63636363638
-519.9963000001417 -814.3147999999993 11277.0
145.4421052631614 320.9355263157889 10675.0
4.252499999998207 -774.0731666666674 -1435028.1666666665
540.2499999999296 -451.1230000000004 10355.0
595.459999999891 -352.2829999999973 11590.0
645.5722105263386 500.0448421052614 10363.0
51.465 -702.1189999999999 -2553767.6
-343.7358823529561 1.1444117647043939 10668.0
-1102.6345000002384 1482.845499999983 666151.0
78.32636363630145 -480.1635454545455 -397523.45454545453
47.10048275863087 17.028068965517257 0.0
295.0533809523438 -521.015761904758 4876.0
51.646 -637.0993333333327 -973838.4444444444
-138.1310000002331 1326.5989999999376 6536343.000000001
1122.3052727273134 -1270.8411818181548 419666.8181818182
-773.201500000031 -923.9051666666305 10972.0
-242.82130769239137 32.02738461540335 -1743131.8461538462
384.0994285713717 -57.89885714285719 9753.0
51.465 -225.46923809523787 -830356.8095238095
48.147,18.135,3078.0
736.1780000001409 1468.9484285714839 10668.0
-1289.1458181817666 160.99381818181112 160861.81818181818
-219.26436363649526 -1033.3914545454784 -5908222.363636364
547.7600625000875 -1078.5803124999977 10980.0
-305.26760000007323 27.76480000002943 -90959.6
103.3806250000022 62.92937500000134 11582.0
-60.85438461538902 -168.52315384616836 -983504.6923076923
501.0430000000174 -74.92200000000176 2454213.0
57.2,-2.196,381.0
-7.995249999968557 -281.2072500000002 -1176932.6875
52.402,38.927,10668.0
315.19362500000966 202.84856249997335 -437954.1875
47.05122222219802 -121.31444444444173 10972.0
1152.7073571426704 141.8247857142912 11582.0
41.82,26.609,11887.0
-211.44219047632737 2438.6897142857106 11277.0
625.5999999996847 -1357.582500000009 10980.0
55.83899999996191 272.3840000000057 5486.0
809.2272941175804 3151.7154705882467 10980.0
772.8163809523628 -1556.4008888888725 3616470.682539683
-18.10876923078112 -54.24046153845839 -308092.4615384615
-324.1464444446328 -735.4938888888854 11277.0
-443.3996666666119 -392.97391666666357 10957.0
-661.677749999859 1776.1293749999622 8846.0
-259.1505384615214 155.31600000000014 -1634636.2307692308
86.44247368437257 -2495.6450526315734 7745104.0
-121.05153846150391 -671.4179999999949 11597.0
632.9791999998217 38.50979999999533 -1899667.0
-740.4588947368716 -644.4922105263228 -3750549.789473684
343.9971333334312 -695.3550666666673 -837815.1333333334
30.380750000019376 154.08624999999967 -284463.25
58.95269999998193 162.58569999999972 358514.19999999995
19.75590909091089 -2.4823636363637567 -630899.4545454546
46.07366666667982 -291.5373333333323 -1674215.3333333333
-58.05666666679717 -638.3010000000006 -2455842.3333333335
67.25583160083134 4.766875259875217 34360.98336798337
54.344,37.525,10370.0
48.322,-2.859,10965.0
59.431767676754575 102.53677777779382 218906.86868686866
18.54485714287187 13.785999999982952 -258054.7142857143
36.815,-4.28,6096.0
-380.1225454544824 -708.5787272727242 2325113.818181818
486.901615384632 1092.6863846154083 10363.0
1050.7351666665963 148.7667500000052 377453.3333333333
-408.6505999997414 -801.5227999999619 -260561.59999999998
331.0750000000106 -74.53499999994813 10988.0
51.478 -500.5241428571433 -1906445.857142857
-1496.2202499998928 -2691.7896249996065 499805.625
234.42644444427864 1022.5628888888898 1978789.0
615.7285000000215 -976.3098749999534 11574.0
500.67809523816607 -697.2410476190407 10972.0
-74.59466666673053 1281.6706000000038 11285.0
581.6534999998953 1590.2345000000598 -5204609.25
225.7936666667052 -426.3256666666671 2238871.0
-56.33083333339071 -323.36050000001273 -1702703.6666666667
-80.33400000002803 -275.12142857142777 -66367.42857142857
-90.92190000010382 347.27389999998877 1748239.8
1330.8915000000486 -214.84324999999546 -3534764.75
-233.565777777847 251.9450000000085 12496.0
11.579499999859763 -704.1350000000007 2476654.0
34.44876470588635 -90.31629411764648 -5700.588235294117
-458.08369230758996 -860.6640769230493 1104.0
55.971 45.64877419355048 274.0
-96.1249999999882 -207.5229999999999 554942.0
-105.04146153846747 -1093.5092307692307 -4737661.0
-26.531571428653905 -843.464642857143 8839.0
838.9208181816861 -336.3299999998524 10965.0
-220.27193333329402 -666.6610666666672 11590.0
839.0974583333251 -90.53275000000369 12192.0
219.24799999994934 -336.35000000000025 -2186428.0
345.3355000000111 854.9237499999737 10668.0
-99.35509090909665 -1257.4980909090866 7315.0
13.203333333331983 -151.51888888889297 -627499.7777777779
-196.86666666671027 -388.659000000002 11277.0
-164.55813333337858 -161.8276666666772 -2243293.8
-249.30020000010256 -1176.6379000000225 10972.0
551.2830000000191 -274.6206666666607 5616089.333333334
185.85852631579456 -100.66236842105232 -586166.894736842
-600.3713333334497 -1352.9019999997781 -5907687.0
553.9182857142004 -42.97328571428575 10363.0
-1474.6624375001188 -669.0301249999949 4704004.875
508.7833636362519 -381.87418181818174 10972.0
2075.1857142856798 -566.6845714285719 9753.0
43.596,-7.41,11277.0
-363.76789999983566 -1017.0622999999714 1152008.0
-271.33733333334555 -858.5785555555564 11590.0
417.01155555548144 -111.65166666666624 11574.0
-558.4875000000233 937.0565999999372 10660.0
-601.7296999999431 348.78470000001175 10668.0
-174.78920000000844 611.5262000000666 -2826116.1999999997
156.5133333333373 -104.99133333333344 470209.88888888893
17.23499999999872 -203.64499999999995 -949601.0000000001
266.163000000008 1012.018999999954 10668.0
149.0000000000037 -435.89599999999496 10363.0
416.19933333342465 529.5280000000187 -224871.66666666666
-613.1314999999436 -757.7680000000082 -6224132.0
47.314799999959355 435.67400000000606 -1028872.3999999999
49.734,2.569,10972.0
-1284.6337027027046 1876.0054144144156 -1.1341150702702703E7
-336.3819473682736 -418.54057894738395 -1807324.4736842103
-138.01892307670565 473.81830769230805 2446.0
-355.08781818169507 -339.45127272728604 2027778.8181818181
44.08536857142852 12.343 38.0
28.96259999997203 358.58040000000034 1137955.3
-49.42327272732517 697.7254545454529 8229.0
0.1556956522927706 -433.63308695652216 -1555120.7826086956
42.604336032388524 0.2961376518218577 147932.75708502025
329.6847500000105 411.2452499999488 10058.0
51.478 -113.83142857142867 -434679.14285714284
55.625 48.74857142858349 0.0
-13.557250000012708 -33.20474999999991 11277.0
-429.1014999999303 -404.96050000000446 12192.0
437.19113333337293 -81.52413333333341 1671784.6666666665
-84.85533333340341 -1417.4444666666802 -207554.53333333333
-568.08618181806 -152.0845454545422 11292.0
-125.91340000003116 -389.0603999999992 10668.0
-225.80549999991814 -371.2602500000025 11277.0
51.941,0.027,2118.0
668.1734444444397 52.31077777774999 105753.22222222222
-1222.6419999998895 1743.0650000000016 -8716518.0
290.7877647058093 -1660.1605294117662 9283838.88235294
626.582571428593 -1387.97371428571 -5813246.142857143
106.03694117645199 -54.89194117647032 10980.0
35.040285714265295 -265.70242857142875 -944007.7142857142
349.41975000001133 -1148.96083333333 10972.0
281.13324999999105 58.025000000000055 11574.0
-98.44221052632167 1783.4520526316148 4531507.473684211
266.97800000011017 -1031.495200000001 -4082614.0
39.47677777771087 203.94033333332885 1278144.2222222222
671.1360000001295 -440.59071428572463 5629282.0
548.3640000000189 -495.66999999998933 10972.0
-366.89609090900734 1467.406818181824 10058.0
-571.5860000000952 694.9474999999904 -5078781.5
-132.75866666676342 -1644.772666666685 12192.0
47.455 74.84790000000251 2842.0
84.76650000013385 -672.5805000000598 10363.0
228.85114285713203 55.60228571428576 937575.8571428572
843.0708999998101 521.9216999999644 -4212384.7
-329.79654545448966 -963.4960000000372 11582.0
1288.002812500131 316.7414374999964 258561.5625
55.131,10.725,8229.0
-12.521857142859652 -195.30685714285244 10972.0
269.76330769231583 -579.4121538461544 -1073903.5384615383
1012.7627142857508 2064.124642857078 10668.0
909.1512727273054 -1200.5821818181764 11590.0
-534.6325833332485 -1350.164499999971 11582.0
179.47649999993132 445.64774999997974 -925868.75
-369.9200000002076 -329.74799999996424 654986.0
545.0966000000188 -604.3950000000236 10363.0
143.0982000000036 -107.17739999999834 11574.0
80.79763636362176 -97.78172727271583 773992.5454545454
368.04533333330215 211.57613333333452 83461.13333333333
-80.642625000013 169.34693750000127 36110.5
715.9990000000254 -549.1400000000873 -2557877.0
818.3643333334543 -767.2673333333512 11590.0
152.3715000000039 590.3229166666691 11879.0
157.6267142856933 306.8550714285729 409575.7142857143
305.9846000000098 493.2899999999992 1324894.7999999998
-9.129999999974096 179.52700000000016 4572.0
86.98340000000167 -83.21439999999193 10972.0
-321.25800000001414 537.7883333333339 2237321.0
-89.1602999999898 -9.229249999993396 2629697.4
-35.06479999997684 -126.05540000000133 5791.0
-108.23846942446009 -1058.77385971223 10058.0
-41.097000000041284 -667.6129999999918 11277.0
555.6561818182012 -340.5904545454548 11582.0
103.2691000000018 101.3658000000024 -112238.8
52.461261421322035 -6.248 -6391.170050761421
116.04840000000229 517.2770000000072 -1837616.7999999998
50.767,-0.551,3642.0
-371.23800000014126 1321.2097500000011 -2852326.5
-300.38590000006303 372.54359999999565 1282806.7
-335.59379999998527 -200.5125999999653 59381.2
55.921,3.802,11277.0
-995.2979999999274 2041.740000000007 340520.0
519.2497142856464 -391.4361428571472 -283988.2857142857
45.771,5.147,6545.0
-277.3656000000124 -219.23040000000017 -1256143.8
326.106157894747 693.6275263157888 11887.0
-427.60386666665175 51.519866666666715 11894.0
89.40253333337446 238.12220000000764 -373104.0
656.5985000000234 304.56775000000255 2674046.5
55.859,12.935,1554.0
-1028.9707999999057 -3243.8183999999205 11574.0
121.82700000000298 -38.643000000000036 10363.0
572.591894736924 -403.328315789474 3621879.473684211
51.914,3.314,10972.0
-530.5945000000221 -450.8871666666599 9151.0
-189.56200000000854 -431.97816666666495 -138754.66666666666
-163.16549999993646 274.6795000000036 8839.0
1329.750000000144 -1297.0734999999074 10972.0
-357.1023846155178 -124.4243076923078 11277.0
2579.5617499999976 -291.08125000000024 302212.25
994.4229999998958 -112.13200000003953 10355.0
456.43560000001537 114.61140000000384 10988.0
1497.564416666642 3631.807000000018 10668.0
38.098,-0.789,4610.0
-449.13892307704646 -620.861538461539 -3718203.230769231
-62.5366666666095 -336.9501666666698 -971180.3333333333
81.45244444443854 -174.4546666666668 439956.44444444444
595.1724117646679 753.7784705882194 209741.0588235294
56.026,12.982,2179.0
-639.5934999999399 403.17599999992734 10668.0
-361.3644285714443 710.7995714285746 -174109.85714285713
105.59800000001974 37.40300000000003 35034.0
120.85460000000265 -65.52460000000264 537177.6
197.64723529412348 -144.35823529410825 10972.0
-540.5793750001222 -475.8357500000192 10972.0
55.032,11.144,7833.0
792.3977647059104 720.1047058823508 -3552212.470588235
6.958642857248577 -448.74157142856177 -1723274.5714285716
269.79923076911166 873.6801538461644 9448.0
-19.95101162790337 151.93731395349062 -501247.82558139536
6.096999999998481 -60.783999999998585 616412.0
-884.4927999999412 895.3509999999985 10660.0
30.80399999999917 -84.4100000000013 11582.0
-435.6934000001569 -2353.584000000002 11582.0
8.811400000004717 -30.328100000000024 271265.9
9.805499999998396 263.0825000000018 277469.5
214.86854545452215 325.4955454545567 10058.0
-514.1359999998872 -2091.1317999999956 11590.0
-913.2774666666294 590.0068666666567 11285.0
36.19482500002502 28.919 0.0
-810.2957333332735 151.34913333335078 11277.0
-106.45057142857758 -239.45066666665488 -1242429.7142857143
56.05942857145183 -92.44314285714287 1043.0
-837.2256363636693 -1166.5721818181569 -9726975.727272728
50.879,9.096,7482.0
-764.6945384616529 934.320999999993 11277.0
462.9280000000158 376.9810000000003 -1813943.0
491.6989999998832 49.18250000000215 10965.0
288.5268571428663 62.01942857142862 10363.0
312.84853846154834 -1252.7077692307655 -3358985.5384615385
540.7799999999024 439.91830000000044 -5187989.2
55.864,16.314,10050.0
675.9935000000237 -1166.735000000001 11574.0
62.20466666665648 -44.0760000000021 911735.5
39.81954545449287 293.118818181816 88363.18181818182
410.83700000009355 708.4065454545424 2828837.181818182
52.844,3.822,11247.0
392.7622666667824 612.7114666666383 2300062.2666666666
-299.61446153847487 321.5229230769234 3352.0
2825.546100000245 2128.9138000000016 424779.1
-546.9018000000224 -422.89200000000034 11277.0
-286.2288461538591 -528.6049230769266 -2392656.923076923
50.510730769231316 5.545115384615414 -33157.96153846154
-239.07907692291604 -543.2227692307697 3352.0
50.775,3.319,8138.0
557.1067000001292 -597.6570999999954 1401557.0
-128.5923888889149 -386.05561111111416 11590.0
-367.5380000000161 -623.1334999999823 11582.0
-1266.2985624999653 -3848.3707499998923 11574.0
54.713,-6.008,1104.0
1572.2931818182394 720.667818181875 -8492767.818181818
1262.495749999796 1162.3474999999894 11582.0
51.174,1.068,4183.0
96.75133333334259 135.60504761904596 -20833.666666666664
231.4870000000067 466.34825000000853 -1682617.25
-345.80618181834063 -392.2381818181788 10050.0
602.4380666668085 -79.2816000000029 7390189.333333333
743.8742857143947 -175.24857142856774 11582.0
494.7440000000075 105.48596428571481 43100.28571428571
1311.165375000048 656.3776250000072 11582.0
301.51958823528435 163.64694117647164 -46389.294117647056
28.24709090910439 119.25681818181896 -416187.1818181818
569.4656111110809 293.55822222222724 2921948.3888888885
-290.17766666673833 458.1410952381698 -2645369.9523809524
54.65148142164725 22.938400646203025 53695.84652665589
523.8431428571608 471.84614285714326 -2083907.2142857143
272.8523333333294 -179.92366666664907 1150323.3333333333
51.465 -251.75320000000008 -627940.0
-407.85187500001746 611.5775000000006 10066.0
-756.9352727273033 700.4526363636311 10668.0
-68.34822222224491 -60.56855555555561 595471.7777777778
652.0363749999767 289.7933750000024 10972.0
435.53200000009844 -559.2421818181823 10370.0
-809.3435882352338 -2346.364058823549 1502855.4705882354
656.1900000000228 -20.35899999986681 -2396186.0
-349.1308461536242 -295.993384615396 1910356.769230769
47.701,1.229,6728.0
427.19649999994436 766.2289999999941 10972.0
140.5337142857181 -303.61514285714316 6938410.714285714
-291.78400000001267 -358.3776111111134 6400.0
55.646,10.786,11582.0
1106.228952380938 690.8151428571434 12192.0
545.3392499999723 773.2389499999941 9448.0
81.93779999992898 -233.25440000000023 10988.0
50.925,3.354,7932.0
20.601000000076517 947.0959999999972 3520636.0
1236.2146153846606 84.39061538451283 -341697.9230769231
124.75633333333596 657.2820000000237 10058.0
37.418 -27.89100000000024 -106144.0
-207.73379999985997 -1631.6131999999873 3358162.1
-190.88666666671747 -603.5646666666692 10363.0
2235.7325555557863 259.44177777786126 10370.0
55.623,12.664,190.0
1823.2793750000676 1158.5163125000433 10972.0
110.63750000001836 358.6496874999797 -729166.4375
50.169462585041444 0.9115374149656357 373.0
-278.6123846153967 -406.9277692307691 948010.0769230769
605.4561111110504 1540.6002777777849 11277.0
344.2878000000628 -42.185100000002464 3319928.1
925.701999999959 -345.9032500000038 262124.0
-912.5197272727631 -7.737 -6830328.363636363
52.191190476174114 12.64 0.0
46.910400000000244 12.327333333327886 22.0
50.91,4.575,350.0
447.759923076703 -1582.0766923076937 11574.0
967.644500000265 -963.0369999999793 12192.0
-650.5355555552806 1019.6134444444453 -500272.2222222222
898.8529999999885 -859.4852173913042 10972.0
-1.757363636373114 77.37818181818223 4572.0
200.82766666674814 927.3370666666781 10363.0
307.49139999985834 -1792.3478000000016 11582.0
5.220000000004596 14.039499999986663 10668.0
54.083,-4.223,8717.0
34.73158333333981 111.53200000000281 -256039.0
37.406490797540386 1.7814478527625184 -291069.9386503067
369.3489999999371 -195.5208000000072 -504154.80000000005
59.043,4.977,9144.0
562.7293529411027 -1023.3107058823495 -1177542.3529411764
-714.647692307721 -607.6141538461544 11887.0
-166.88478947369262 -653.978368421056 10972.0
-979.524555555901 555.1647777779505 3435579.777777778
-16.025499999982138 -316.87000000001353 1232625.7857142857
184.2184705882402 635.4195294117671 11277.0
175.97749999996384 184.60199999999637 1564860.5
357.307333333312 597.6478333333338 -107621.66666666666
91.32300000004892 -337.6174999999981 -591687.0
18.41500000002099 65.96800000000107 -287936.6666666667
-17.842999999958998 194.81875000002785 1188.0
162.31357142857547 131.51585714285463 -450263.85714285716
-374.84306666660564 1868.4756000000125 11879.0
296.33581818181034 -425.53027272727394 62539.72727272727
609.9204666666279 1396.6716666666593 10668.0
-7.9556111110933685 525.6775555555541 -693486.3888888889
-334.3203333334579 -1027.9526666666573 -316266.6666666667
-37.07333333333686 -520.8400000000212 -1891767.111111111
-519.1060000001447 673.7007272727221 -1968294.8181818181
49.883075697205946 -24.717920318724858 -1286577.3705179282
-1452.058833333276 664.1186666667206 7360587.5
38.13039999999947 -21.011100000000283 303987.9
-7.6091538461672386 136.63207692308717 12496.0
-190.89258333331978 0.838 11277.0
-331.0091052630466 -79.64273684210532 -607832.3157894737
-213.6185882353609 -1206.2477647058781 10965.0
-276.0674705882479 -871.7495882353278 11582.0
414.88511111108494 -412.00066666666703 -2978303.611111111
36.711,-4.55,754.0
-792.6130243902569 1581.9282439024412 127905.39024390244
16.643099999998654 -571.6967000000045 10972.0
760.2373999998865 60.17073333328726 10363.0
910.0954199999869 190.61460000000017 11582.0
-434.9540000000186 4613.999999999931 11277.0
485.9626363635723 335.94918181817457 10972.0
185.23281818177702 17.564545454551993 10972.0
761.6466363636632 -346.83181818172625 7315.0
-122.42112500012404 321.77937500000024 -938334.25
-2165.0438000000836 4097.171599999997 5791.0
11.41884210521286 -501.0064736842177 -1871942.6842105263
583.5322857140762 -871.3432857142866 -2220571.2857142854
-66.92394736848092 -482.7385789473663 -2140456.736842105
4.320466666603593 1375.0571333333316 -195157.13333333333
351.3442000000114 -410.3254666666655 -1852843.3333333333
-169.53946153847 71.79115384615392 -137584.3076923077
96.72049999999055 -154.5099999999896 10972.0
48.544,9.105,11841.0
-84.17066666683758 908.248416666617 -1843042.0833333335
376.6614285714413 -674.4008571428577 -2989289.5714285714
805.1998888889972 92.45133333330746 11574.0
38.99381460674104 -11.431146067416089 0.0
42.19300000001233 -6.1173999999991135 20067.399999999998
51.805 1221.6733333333073 6005326.666666666
265.48338461538225 -100.27107692308748 9753.0
977.776333333253 -422.8396666667996 10363.0
205.7927368421112 596.0148947368388 11582.0
-264.03437499997875 -374.5585937499827 10363.0
-202.2030909091008 -62.314363636315136 3853463.0
91.94913333332025 -104.18033333333376 10972.0
-433.3579090908817 135.42145454545468 -142664.0909090909
-36.13781818182118 -54.88900000000054 11887.0
51.216,0.268,3657.0
1595.1361428574176 1047.9267142857152 11582.0
10.342933333338628 -63.12266666666516 201349.19999999998
-497.1728333335497 37.596833333328775 3147620.333333333
46.090749999999474 -80.39749999999292 5486.0
-109.68099999990805 -1308.994000000001 -319640.0
237.41940000000704 -709.8672000000041 9738.0
361.2949999998749 402.90199999999396 10363.0
959.5410909090336 225.76899999998514 11582.0
449.78299999995585 298.4620000000003 11582.0
-717.4759999998888 925.638000000003 -3150354.0
-1003.9505294118047 -1842.1961764706061 8097874.294117646
146.38333333333705 -672.4553333333592 5495270.666666667
1.7399285714267378 -168.57592857141623 -740596.4285714285
555.1049230768228 -456.27623076924795 3428052.076923077
49.99237695749305 6.688498881432052 340003.2718120805
1237.3820000002463 295.19299999998617 308176.0
-683.0995000000277 -222.81700000000023 -138167.0
53.63284272997129 -4.238572700296778 -55030.90801186943
1027.1674374999625 2512.309000000002 11285.0
895.9675000000319 1501.171666666668 -4267161.083333333
-114.8424285714824 -235.5131428571341 -1368814.1428571427
155.3502727273255 661.946545454546 937525.4545454545
505.75831250001727 931.6076250000345 10668.0
42.554666666654896 -198.46466666666308 11582.0
-467.63381818189947 298.94790909085737 10668.0
485.45776923060174 1061.429615384586 11277.0
1615.2158999999788 -743.4553000000082 12192.0
81.67780000000143 178.06309999999527 10972.0
48.029,4.533,10972.0
378.0850000000836 -172.91918181818863 1836499.1818181819
84.34125000015739 527.1839999999995 -1250257.5
1247.7201666665833 4802.780666666719 10058.0
59.3562666666414 308.5861999999919 -657393.2666666666
-156.30645454541263 206.74636363641991 10058.0
-971.390047619161 889.0416666666675 -9179412.61904762
135.70830769230105 13.998692307692323 10363.0
1516.6176250000553 4046.181249999988 1.0677944125E7
51.308 635.5756000000005 -1557857.2000000002
830.6303076923374 -418.95023076923115 11582.0
590.7079999999148 91.75424999998523 11582.0
123.91733333328865 -283.78033333333246 -69633.33333333333
664.4750769230235 -806.784153846151 11567.0
52.96,-1.347,10980.0
-264.05100000001204 -866.446999999986 11590.0
28.084999999971053 -447.3369999999978 10972.0
210.40450000000604 59.45000000000005 -632915.0
1144.0137272726327 -1035.0866363636371 10370.0
1560.956153846334 4112.044384615417 11277.0
219.67656250000627 -482.6566249999964 -2236438.625
37.418 -238.9955897435956 -1084578.7435897435
454.71500000001555 -25.31322222227786 4873232.777777778
8.099818181812001 -119.57227272727141 -203135.5
-246.63157894731015 -667.4286315789383 9371539.52631579
-141.84800000000737 690.6080000000006 11277.0
-589.5277142856451 -1101.2459999999967 10675.0
1819.1563888890457 -1132.9593333333344 1.6420215888888888E7
35.03977777775807 -112.9405555555556 -370431.11111111107
-8.467550000002191 -43.722349999999736 11277.0
-9.083882352937266 4.462529411775421 10668.0
-334.3260000000141 -934.8000000000078 11277.0
650.9573999999343 1201.641800000001 11277.0
-101.40117647070346 432.5108823528751 -344450.23529411765
-11.617263157881766 17.685578947368437 -321014.05263157893
242.22912500000797 -269.40662500003907 1160990.1875
206.10050000000598 -465.97449999999463 10972.0
56.122114285719974 -44.69908571428576 0.0
-169.1833846154199 -324.5870769230697 -1618894.7692307692
-214.90757142851783 -877.8617142857165 118719.42857142857
45.23200000000321 91.13399999999993 108995.0
11.816642857234605 -432.9639285714284 -1494710.5714285716
-234.7726000001171 328.5536000001171 2133.0
-9.02260000000237 -504.31899999997034 -155716.6
-265.7238181819753 -787.1257272727212 2340801.8181818184
-136.72633333327676 -1426.5878095238077 3345.0
51.911,5.115,11643.0
469.4698000000742 -1097.0969999999984 184063.8
55.972 38.09639039999848 84545.3616
-40.400000000114694 1308.5379999999802 2164707.0
43.387,-2.94,1303.0
465.0785454546828 2180.499363636263 10668.0
910.6668571428897 2388.1147142857153 -4725990.214285715
469.2405999999643 687.3663999999741 10668.0
56.48,27.188,10744.0
-529.8703333333553 718.8188888888833 9441.0
-1037.3779999998799 610.984124999993 10058.0
579.1025000000827 -686.1157500000006 -2000353.5
38.901827814574666 64.19755629138018 0.0
1386.654000000339 -1456.3417272727283 11574.0
384.86415384612525 721.8503846153911 11887.0
349.96960000001144 -499.1300000000341 11582.0
-404.78354545464134 965.8282727272699 2786208.272727273
1170.2252317073405 515.4052560975588 1.1962798012195121E7
422.8073999999461 -772.4245999999911 -190066.59999999998
377.81910000006735 538.9429500000134 -1230070.45
242.71227272727995 301.19809090907705 983185.7272727272
234.76000000000704 -668.8180000000075 227440.0
-2.01319999999226 52.43019999999959 4572.0
-118.91888888897611 1258.6287777777752 -1798029.2222222222
638.3595999999586 403.79400000000334 10972.0
50.906,4.419,914.0
124.93944444427527 1127.508888888894 10675.0
267.59733333334157 69.5171111111465 10972.0
405.743599999939 250.2872000000002 10363.0
122.77250000000244 146.20458333333625 10668.0
125.51523076923357 765.9653846153847 -2047556.3846153847
47.897,4.062,10965.0
27.406600000068195 -270.63599999999377 229343.0
107.47335714285958 33.89221428571194 11582.0
-167.90400000011616 -1026.6289999999858 10957.0
47.787,9.039,5074.0
107.96533333330234 280.9096666666669 973527.0
51.464 -101.73036363636372 850994.4545454546
-243.5643333335386 294.49733333331994 2832159.0
39.959 -286.2715454545457 6103.0
8.475466666767637 -431.13633333333377 -988387.2666666667
729.1905882352763 498.5662941176475 -837821.3529411765
49.782,5.302,11277.0
-138.4710000000068 -266.071999999998 -153835.0
382.1418260868379 1304.1408695652287 11269.0
212.69560000000655 570.9700000000132 5688194.8
156.79949999997834 66.06270000000006 10370.0
-87.7291250000354 -317.7443750000001 1615.0
-52.45899999994205 -1457.526999999978 11582.0
405.56487499992966 -136.7339375000067 -83308.5
123.3744000000029 -83.04280000000149 11582.0
1465.8144999999718 663.0980000000236 6160342.5
250.3656428571504 463.2185000000004 156480.5
161.87850000000407 434.2049166666757 10660.0
52.03053773587087 3.9944622641534764 632.0
1150.3919999998932 -681.4259999998789 -240783.0
136.92437500000332 -133.43024999999795 11582.0
46.153,-4.634,11879.0
38.768 -9.4380432509504 32652.584600760456
143221.8677142859 1625458.0582857144 -4.638266E7
514.797555555488 -1142.6774444444457 10957.0
950.7219411765049 808.3658235294417 10660.0
126.39030000000264 129.6184999999768 701723.0
296.31200000006265 -289.4673636363614 11590.0
51.478,-0.21,1104.0
517.9005000000182 -384.26209999994006 234052.9
36.078,28.431,10972.0
187.55133333324977 -306.20066666666696 2000021.1666666667
52.6 95.92980000000007 2133.0
405.979666666616 282.45066666666094 -2451707.6666666665
225.47650000000723 158.71450000001002 785589.5
-367.45230769226214 213.38915384615404 -2378152.769230769
57.19533333332181 90.26066666667222 360577.6666666667
353.4968750001568 -362.6472500000139 2584274.75
59.761,17.999,853.0
421.1995384617279 -1365.0466923076895 -553029.3076923076
113.77618750000221 926.5598749999879 -1019781.3125
-152.3156363634952 -151.5002727272659 5791.0
64.94253846150907 -171.00953846154138 -476412.4615384615
-475.60100000000045 -349.95475000000124 10668.0
-141.39020000000747 -578.2895999999058 8469895.6
671.3634705884427 -968.7512352941228 -2356668.294117647
167.6719999999362 -1484.6949999999886 126117.0
50.847,0.794,7231.0
53.245 801.0606666666831 2189134.3333333335
327.3438888886394 -528.9747777776687 2093768.5555555555
12.050416666669307 11.916249999999788 164945.0
-333.38099999996626 -1092.8854736842159 4976798.631578947
66.43700000000104 -13.372833333334857 -118553.08333333334
352.9140000000118 257.5186666666727 8534.0
51.465 -553.7405294117641 -2134060.470588235
433.96973684211997 79.66436842105402 104667.42105263157
45.002,15.327,10980.0
51.295,3.705,6362.0
433.318999999951 -201.0110000000002 11582.0
1030.0912142858524 467.2829285714337 -2249390.9285714286
230.9096250000069 -62.15887500000006 11574.0
119.98188888897279 686.1838888888896 2743.0
-130.73617937219993 -475.680215246636 -2065255.188340807
1202.0027058823966 44.46002941176653 12192.0
812.0883124999337 -920.9040624999874 -309909.5
14.210800000087325 -598.9002000000005 -1719499.2000000002
-114.52529032256918 236.35948387096798 10668.0
491.1232000000615 1204.2692000000116 10683.0
-460.4665999999568 649.6030000000093 -2986972.6
604.9299999998907 -676.3850000002874 -2082553.0
471.0325714285872 947.7864285714232 11269.0
104.04222222210211 -767.3703333333168 -2315109.0
269.9656666666749 -37.05044444444448 2220035.111111111
84.7492499999843 74.74449999999602 172486.75
-287.99709090902167 1806.8952727272745 11277.0
649.7299999999955 -444.30492307694146 -70363.15384615384
-90.22455555573353 -497.6094444444206 3937798.0
51.334 -630.8463636363637 2438.0
-119.17679999994851 227.12606666666687 -924945.2
1084.0742999999097 -327.39620000000025 1271239.0999999999
-174.6954444444252 553.2304444444164 11277.0
1197.413791666578 -770.9662916667635 10972.0
3273.895777777753 2978.799333333336 11574.0
-75.38776470588667 -312.84070588235323 -1593030.705882353
-61.921952380953186 -438.07445238095175 10972.0
256.7500000001028 1121.4700000000412 -1203164.0
55.969 44.43632222225582 49467.25555555556
-232.83333333322597 -946.3453333333342 -1880192.6666666665
-120.92105263141808 1411.738210526368 9448.0
115.58160000001858 -78.89299999999194 10972.0
-249.12399999992454 -64.0847500000041 2220380.5
54.198,-4.573,7970.0
-193.94275000000948 -320.11699999996335 6321937.0
362.3312307692426 506.1946923076695 11277.0
1135.7677777776935 -1269.3736666666678 -4227348.888888889
-661.0851199998979 -174.97579999999613 -1648321.28
18.474857142864536 -46.78722857142863 -308035.6857142857
1365.4083846154347 729.8507692307862 -282566.3076923077
484.3897500000167 1078.1911666666786 -2237312.166666667
-174.7363571429154 -657.4018571428577 2871617.3571428573
-44.10038709677783 1234.497032258055 11277.0
14.636076923081191 86.44438461538444 -10547.461538461539
432.06054545449035 -283.18200000008187 10370.0
253.6863846152729 -949.9000769230386 -1555734.2307692308
721.5336923076447 -3.587 4711761.692307692
78.53125000011997 -408.01800000000037 -1531566.25
166.8593809524121 231.44623809524327 10972.0
358.0699999999902 216.85650000001323 3724468.5000000005
-278.2567000000126 -690.6777000000047 6195773.4
51.478 -542.7311666666666 1501.0
1936.509142856934 292.9824285714223 11582.0
1153.627499999667 685.6858333333311 12192.0
153.1093599999461 620.2031600000222 -2040884.5599999998
-12.953500000032918 167.41349999999997 -292867.5
495.8940000000171 -240.7340000000002 11590.0
1020.1275000000368 -284.81043750000475 10355.0
544.0760588235486 106.86823529410523 11582.0
296.39933333311285 -3010.0633333333253 -1.1432711333333334E7
-217.05766666667643 -903.554333333339 -1623974.5555555555
201.23085714288405 -238.03971428571546 72889.0
57.60330769228603 -141.44423076922575 -565703.7692307692
282.4440000000823 -736.5550000001751 10972.0
48.635,-1.403,10355.0
57.304987523395695 15.599978165938728 -63991.525888958204
49.13,-2.281,10927.0
-54.247333333336925 -539.3272222222226 9441.0
309.59950000000975 653.7693333333402 10058.0
314.47299999997614 -593.8840000000005 7381345.000000001
462.09812499987686 422.96912499998086 -2662660.8125
44.906117647069166 -36.186941176470135 77586.23529411765
-897.5903529410566 -2195.9994705882414 11582.0
0.06425895317048003 -133.2908870523413 1335793.6639118458
109.8670000000296 360.52399999999903 7010.0
2048.643555555717 821.8378888888935 10347.0
19.412181818131906 -323.1064545454435 1639851.7272727273
-27.915857142958146 -501.530142857125 -1238577.857142857
641.3956666666891 357.92222222222256 3956891.555555556
1078.492500000039 639.4750714285666 -2585326.214285714
482.4307777777348 -86.48455555555704 3834803.5555555555
301.48679999971796 -806.8730000000553 -3114359.8
-247.2260000000113 -82.91233333333342 3352.0
-416.0880000000173 -2335.5340000000133 1.5111461E7
-1.204545454410301 -614.8270000000585 2674141.090909091
-30.23360000002122 -182.7030000000027 -225265.6
1272.4530000000464 138.80300000012397 -6941538.5
-287.35871428568487 -301.75842857142686 -1760665.1428571427
-192.70523529404426 -633.6327647058655 -2258994.470588235
-205.0074000001863 -359.65499999999207 -2829805.1999999997
223.11842857144438 -108.96521428571396 -915684.5714285715
-810.9146999999255 -16.359300000055338 10058.0
-163.47794736837085 -438.34694736842147 10668.0
-227.88483333322327 -20.73416666667518 -1935701.6666666667
170.31134999998125 -133.37335000000346 -838440.8
-86.2601818181873 -394.64245454544744 11582.0
92.651410501194 -155.98888305489328 -3914087.355608592
-88.10435714288232 -368.19714285713764 11582.0
-241.6553124998882 -906.9088125000037 10668.0
-279.91964999994536 -674.8014000000005 1635697.25
46.41419999999974 95.79579999999984 11887.0
-121.24581818179279 337.24672727272906 931379.8181818181
-280.66014999995247 -218.5239499999636 -961272.8999999999
49.191,6.559,9441.0
-737.4603333332782 -1610.0529999999974 10363.0
-52.83829411755903 -321.37199999998955 9448.0
344.867772727284 52.02436363633651 10972.0
-871.9263512064344 -504.39542627345844 11277.0
884.3862727271812 2082.9841818181835 -352300.1818181818
227.00900000005203 -175.57600000000122 10972.0
534.3533333332366 -1161.564000000001 2977376.833333333
351.35841666663947 -303.6533333333263 11582.0
242.04179999989617 547.5922999999926 11887.0
40.338,-3.399,1478.0
55.97 1500.8420000000212 11277.0
-83.32199999992287 638.9420000000238 -2120499.0
46.376,40.487,10668.0
307.5416923076774 -172.3682307692251 10957.0
398.67317647063265 710.5507058823639 11887.0
-904.4950000000363 1273.2239999999997 8229.0
621.4961538462827 533.5814615384544 -4504483.384615385
10.015809523815609 -144.788476190477 656453.8571428572
-14.861733333414712 -1163.9943333333379 -6087420.6
-135.28762500000673 -199.19200000000018 -1213389.5625
753.2079230768456 -920.4974615384575 362390.46153846156
25.581363930887914 -15.900636069114572 80555.94708423325
-737.6742105264041 -395.8701052631582 2249971.473684211
51.477 -471.6421666666654 -1916052.611111111
128.20937500000318 74.98062500000036 11582.0
-281.22621428572637 91.03464285706954 -979205.8571428572
39.348,0.029,5890.0
1348.1608421052294 -1366.648157894736 6945678.263157895
374.69800000008416 114.10700000001353 -199838.0
147.72100000000353 319.1999999999934 11277.0
83.18139999999694 131.30210000000147 -445186.1
567.5730000000923 439.80099999998 256710.0
-772.5997619047154 -495.8978571428467 10668.0
49.849,2.569,10363.0
22.158200000068728 -368.4390000000003 2743.0
-648.3214285712896 4478.479142857146 570166.1428571428
-279.69422222212347 1000.2076666666205 10668.0
-161.61725000003548 170.47100000000538 11887.0
1593.5871111112958 -587.4021111111175 10370.0
292.4137647058101 -687.0344705882352 4193505.4705882357
47.190135714287855 15.656135714284591 1059867.7928571429
-111.86100000000575 -109.72600000001131 -1153168.0
380.4055000000335 85.21550000000202 10972.0
181.52129411758835 -273.7552941176473 -59642.82352941176
99.91752631579965 -90.30426315789444 -234822.73684210528
334.95214285715343 1571.148785714344 -2509611.285714286
926.7503499998015 -810.1232500000116 10972.0
-245.20141176471668 -279.8020588235236 -2068755.0
-34.780384615387874 -423.9269230769393 -885221.3076923076
-208.8931111114287 1100.2032222221872 10668.0
-2.3820909089896958 -346.35872727272755 1157682.9090909092
671.9444999998595 -597.0775555555612 195707.55555555553
1030.1057500002034 456.99881250000044 291612.5
470.1658333333777 -55.57433333328011 10363.0
87.59843750000152 504.2700624999871 8839.0
-436.3687272728679 229.22981818181552 10050.0
