539.5450000001023 -504.02399999999847 -130252.0
855.2200000002309 -588.4679999999911 -2576148.0
1170.1800000000426 -268.41633333332766 10363.0
-353.1941111112465 -45.87888888890581 4258115.666666667
311.30242857143844 -259.9424285714285 -1643398.7142857143
55.551,12.509,1158.0
53.277,38.493,10668.0
224.96672727263604 -839.6378181817047 7205323.818181817
505.6883500000867 -732.7105000000007 -3573889.4
932.7512247838623 832.4232536023081 3207190.5158501444
46.01363636363599 -12.418818181820065 127183.27272727274
261.994473684254 -707.5519473684234 2633903.421052632
-762.7784705881282 1162.4275294117656 -2222902.7647058824
-105.26900000019407 1542.2875000000236 10668.0
-18.934533333330968 48.44433333333642 11277.0
667.7241333332792 -437.94746666676207 242481.73333333334
-105.54080000004276 345.0776000000081 11262.0
-571.8641818180605 -126.4956363636771 11277.0
377.9631052631703 152.41931578947367 -825343.0
-205.62710000000982 421.2775000000163 2613458.9
-770.9488181819886 -1583.4423636363713 -3575652.6363636367
96.99140000000192 -2.8747999999998597 11590.0
32.49514285702814 913.0867142856912 11277.0
676.4594999998899 1398.3712727272698 11285.0
-544.9373333334564 610.3393333333055 -3558516.0
-24.137350000002854 -602.4918 -2283445.9499999997
696.9200000001352 109.54675000000265 3738837.0
270.76122222219055 269.9588888888889 -1162538.3333333335
393.6075500000128 977.7840000000081 -4294548.85
540.0312500000183 1465.3377499999833 -4316314.8125
15.434670020122788 21.690259557337033 747979.9758551308
51.476 359.31113333333366 -1361799.9333333333
348.8766363636479 -806.5243636363642 10980.0
87.80954545470965 -418.9485454545305 6293529.818181818
-270.9148999998709 -760.592399999994 -226855.2
403.6794444445601 919.6376666667011 11269.0
-20.571000000087707 -1040.4120000000005 -572717.0
151.2843888888832 -36.27450000000004 -519549.22222222225
-32.04400000003959 539.2570000000107 11277.0
30.636333333307444 -293.83333333333354 7315.0
666.4097499997564 265.51700000027563 10972.0
-774.78985714284 -495.8887142857327 11277.0
907.840636363562 2705.2642727272723 2077633.909090909
117.20400000002371 103.68449999999318 -611807.5
-612.5111818180857 356.0576363636424 7627.0
55.933,5.061,11887.0
38.58,-9.055,2286.0
10.614999999998425 -836.4699999999992 10972.0
51.216,0.266,3817.0
533.1050000002446 2040.4760000000758 10668.0
334.68236363623913 -510.82045454544857 10972.0
295.30250000000945 1180.8306666666122 205163.61111111112
502.0583684209878 -1538.3546842105266 12192.0
48.834,-3.017,11269.0
599.1744883721298 494.5277906976756 64908.6976744186
42.66533333334056 -6.767999999997848 -136087.0
417.0830000000591 -521.9535999999985 -140968.2
425.0838666666341 -748.2487333333296 -146725.73333333334
53.871,6.246,11894.0
44.708900000017906 -32.51160000000175 -176277.3
612.7947500000996 -825.6347499999988 -2011302.7499999998
1749.7089999996613 -1751.2914000000333 -1294382.2
7.617999999998332 -7.376666666666647 -221353.33333333334
43.80859999999099 -47.868600000000015 1051.0
1.8614999999980455 -52.31500000000004 965008.0
1063.574399999911 427.8368000000004 4113199.5999999996
497.03099999992446 76.03000000000007 -125829.0
-738.7300909088515 -1458.8274545454433 11582.0
38.777 -18.998559999994534 -1571289.6
202.92118750007702 645.8121874999705 4125465.9375
-34.73800000000345 -418.8486666666952 -70603.33333333333
424.2427647059758 1118.057294117689 -4085170.117647059
-85.73511111128528 -1544.382222222113 7629640.444444445
179.72207692323389 -767.4984615384623 -1466494.3846153845
55.974 -269.5384615384716 -122681.61538461538
899.615357142958 682.2862142857052 -6198424.071428571
95.85027272726163 -12.003454545453966 10370.0
434.09441176458824 -222.47523529411785 10363.0
51.614666666666345 -1.6241666666666679 8449.833333333334
-194.411555555548 -25.03066666666746 10652.0
88.86641666667818 21.790500000000943 287525.25
387.10866666661883 -241.99266666666122 -2114467.3333333335
412.725133333308 -509.6407333333283 127151.13333333333
208.41572727270318 -139.5599999999987 788557.1818181819
1225.1266000000446 456.53590000000764 12192.0
-106.2567500000056 -276.57287500000297 5181.0
631.730000000022 550.6469999999749 -4108531.9999999995
197.34428571429143 -253.10621428571176 -47569.5
355.18487499995024 82.5106249999872 -2056432.0
33.66400000000485 -61.72619999999439 13106.0
-717.3465000000292 398.14789999989176 10675.0
50.577,3.741,10066.0
127.82173333332204 -217.87906666666822 10972.0
1383.330499999977 680.6610000000006 -6626340.0
219.31027272730302 181.5288181818178 11582.0
-15.751599999977245 186.0811999999974 33044.066666666666
-256.6258888888632 -289.1989999999968 -1598978.5555555555
-731.4550909089799 -241.4151818182083 11277.0
1077.884066666627 197.29140000000018 -2014948.0666666667
-181.0710000000088 -968.4709999999999 -307458.0
76.15410000011288 -583.8474999999875 -2521238.6999999997
5.529999999998303 -33.14749999999316 10363.0
196.73974999987115 1587.9892499999921 10050.0
684.5440000000987 -1517.276400000001 -6706682.15
38.641823529350475 -205.72782352941192 -782648.7647058824
562.2567499997763 -988.528249999997 11277.0
-335.35416666658926 929.7620000000009 8839.0
242.91950000000793 -156.27837499992472 1203392.625
-704.5509999999869 -1415.6109999999915 277487.0
1012.304912087949 680.9892747252829 9803995.42857143
401.6195714285852 -428.1462142856243 10363.0
-301.88276470589545 189.70947058822694 9448.0
441.5213999998823 338.0392000000003 9753.0
1399.7573000000511 2888.3145000000027 2955094.8
-1402.1794615385168 744.4797692308482 10058.0
-126.71480000000682 321.62686666666696 -519283.4666666667
51.465 -220.08347058823526 -321305.8235294118
294.5353636363728 567.8241818181823 -129109.54545454544
868.1287499999537 3186.9467500000424 -217924.25
-38.0302666664561 -3648.1427999999783 11582.0
399.582666666636 -344.37666666666905 290237.0
-80.55566666667151 -222.21300000000113 1564955.3333333333
152.74257142857567 152.04614285713782 8526.0
10.47138095236513 -96.59038095238104 -239971.42857142858
84.14099999998189 -98.07499999999997 -308938.5
416.7112857142994 1456.339142857144 -4118860.7619047617
-189.523000000009 40.383 10668.0
429.5276923076503 500.5928461538466 11590.0
-1279.8919999999487 1029.9080000000008 1946956.0
202.00457142859779 -58.17657142857335 -834722.9285714285
-156.87733333321432 -226.63875000000917 -203101.3333333333
-773.6178181817867 -276.94009090891507 -2819368.727272727
1096.5668571429528 532.8874285714343 10668.0
475.1219090909254 343.42272727272444 240545.81818181818
397.6716666666798 599.7034444444469 10668.0
227.05119999990376 -2191.7954 11582.0
491.86669999982496 243.4642000000002 -1529356.5999999999
267.26428571429386 -386.2952857142861 -2163451.0
83.0399999999934 112.8252000000001 10972.0
487.0359999999376 1505.5779999999977 11887.0
137.5091764705915 -251.88364705882253 11582.0
212.798454545365 -282.5665454545457 -621673.6363636364
-308.7160000001876 -971.0653999999072 11285.0
-585.1653333332789 -188.07733333333533 77231.66666666666
-269.0948888890564 -896.724888888846 7315.0
-449.24863636377916 290.9860000000032 217849.63636363638
-111.66015384618846 -582.9426923076795 105851.23076923078
108.11670000027097 907.5912000000008 -451551.60000000003
-9.685818181809331 37.27127272727276 2743.0
122.33280952382196 -23.30261904761884 11582.0
-961.0742857143242 647.3815714285945 2762887.2857142854
934.5594500001707 164.18370000000655 5954666.7
-513.1480999999187 286.4133000000436 10058.0
-184.97025000000895 -378.2684000000003 -1320271.4000000001
-739.8376363638015 1679.8868181818132 11887.0
608.0241666666269 305.53400000001176 11582.0
27.732294117701706 -328.22088235294115 -1077421.4705882354
-614.08299999963 1669.6625000000015 10668.0
-477.13190909092884 -749.8730909090851 6630397.181818182
-278.1972666665891 -529.1657333333338 9448.0
1009.2365000001703 736.3444999999944 10370.0
-7.780913043442922 -345.2364782608841 -733225.0
-63.01245454559474 2576.5037272727227 -447897.8181818182
-636.0000000000261 -1095.9307999999603 11277.0
-13.718222222162296 -152.90433333333934 -887660.2222222222
25.80618303571328 51.87078571428576 0.0
45.398,-3.013,11277.0
9.889800000072881 -223.6160000000089 369600.8
-566.6433333335359 -909.6970000000002 11887.0
852.7845555554387 -622.0098888888895 4747297.555555556
1166.0585555553328 840.0086666666673 10972.0
-76.0599333332603 1022.2290000000374 -2755849.5999999996
209.09171428573666 268.76685714286657 10660.0
407.52250000008803 18.225 -2179741.5
101.51320000000212 116.22160000000768 10363.0
-89.89199999992064 -1638.4659999999778 1942303.0
85.93850000000762 -21.76850000000002 10370.0
-73.36346153839006 808.5017692307986 -1958661.5384615385
27.851999999999038 214.76899999999998 11277.0
-89.00785714286265 100.58057142856234 -807161.5714285715
-722.5870769231062 1696.4057692307877 5534379.615384615
51.465 -176.27209523809515 -86827.04761904762
51.66,-0.515,3055.0
-57.24619999996885 331.44420000000355 11871.0
-764.087769230699 1212.4379230770187 10668.0
75.16554545467801 897.3604545454552 4642037.090909091
-1062.0611764705368 -161.94088235292384 10668.0
41.353 1508.6299230769225 1376224.6923076923
301.63250000004575 -29.036000000000026 10988.0
-57.94900000005027 330.3096000000068 -1647894.2
286.75562195122234 -368.19014634146197 9753.0
314.2079285714387 -455.80214285713936 11582.0
-143.68799999989398 2412.638000000034 10668.0
42.71992307692489 97.5827692307689 10660.0
1309.0062499998353 -618.3577499999541 10363.0
230.6850000000892 -1709.900999999901 10972.0
-406.6225555554647 -308.82688888895507 11582.0
522.9789999999057 -702.3805000000269 1097050.5
51.785,1.776,7315.0
1057.4214615386188 50.19392307692312 6141900.615384616
888.1717692306961 -1052.1740769230385 6436552.923076923
140.73036363628933 210.42272727273476 1104175.8181818184
-136.03188888883352 -9.687555555587739 -891930.8888888889
438.3276842106245 -739.2745789473692 -1088300.4736842106
179.67106249998108 -80.37181250000344 12192.0
272.9137142856686 -572.9188571428526 10972.0
-142.21623076917135 -298.2380769231054 5595571.384615384
-386.79122222231325 578.5839999999657 1744.0
142.3671294117548 -1638.376682352937 51574.49411764706
-1713.888588235132 -474.5293529411662 10363.0
366.0250000000119 -482.4970000000004 -1276649.0
40.487 -1.438440000000237 1047809.72
113.98423076927301 955.2647692307944 11277.0
-193.709142857201 87.94785714285952 -1436968.7142857143
570.2113846152827 -1003.2167692307474 7315.0
597.166249999921 -710.2052500000146 10347.0
1088.6032222225697 453.9942222222299 12192.0
1187.3066666665236 1296.427000000001 326112.6666666667
155.6369999999046 502.3756000000004 -1106604.2
340.3970000001454 1627.238999999926 -5223613.0
-99.3490000001866 -564.6414999999878 1192652.5
-724.7872000003106 1250.9583999999945 11262.0
-164.75140000000823 143.01560000000012 5791.0
-496.8924000000208 974.7436000000009 11277.0
644.0179230768234 798.4044615384594 -3734628.3846153845
40.872 -534.1781 9448.0
-69.93147058822433 -279.37335294117963 10972.0
-178.5340000000485 -920.5710000000156 11590.0
166.8715833333247 -301.13337499999216 10965.0
109.03599999993779 79.44839999999704 -295778.80000000005
52.898,-5.158,4716.0
68.7300265486653 6.089486725667351 1.2116853274336284E7
109.74099999998636 10.538000000001535 10363.0
651.1419090908292 329.79704545454734 7063962.181818183
255.58728571429347 -323.37728571428414 -1682722.857142857
380.2615625000829 1155.169124999902 10675.0
355.3148000000657 64.26010000000258 872230.6
923.760599999736 -1174.8090999998967 513629.2
-1040.3695999999238 1258.8070000000178 1553545.8
39.504292775664446 -1.4979733840303595 -128958.12547528517
860.166846153877 787.8451538461546 12192.0
171.0636666666983 199.2326666666706 3040.0
48.992,12.224,11574.0
276.2910000000385 940.6901764705779 -2223759.4705882357
125.08550000000966 -47.128500000000045 10972.0
-255.49912499995452 -79.04549999994624 -2400065.875
327.9195789474172 640.9360000000042 10668.0
876.0959999998954 1244.6560000000459 10668.0
1267.9391176469244 9.462 2332874.411764706
73.8167307692253 38.63761538461483 1.9837533653846156E7
65.54499999997165 261.5899999999922 1403637.0
11.356111111115304 10.296333333333045 -579550.6666666666
148.74360000002383 325.2852000000069 -441386.8
768.9608181818452 53.305818181838085 -4106914.4545454546
-212.92488888897722 66.14222222222227 -1022896.4444444445
623.5173478261088 49.288608695652215 -1838663.5652173911
362.33390909087365 11.47618181817067 614760.4545454545
49.95,9.373,2133.0
-96.01488888893422 -8.689055555555564 -582969.8333333334
370.5545999999637 673.4823000000075 10363.0
-27.612625000014447 -188.3909374999996 11887.0
172.04678571429034 -176.85728571428587 -56328.28571428571
247.44057142849599 587.589714285705 -3469120.428571428
-781.9133333333649 -600.988111111167 7010.0
-403.3521250001157 -1651.6300000000015 176460.5
-911.7279230768399 558.7456923076984 -2665804.1538461535
478.96835294101027 2767.882823529607 3954.0
55.902,36.298,4945.0
1290.3328235294591 1351.6673529411944 11582.0
259.31069999999175 45.48090000000081 10355.0
252.90550000006613 2353.1458750000293 10668.0
242.79605882353704 47.22276470588426 10972.0
343.24749999992935 205.65500000000017 -1319945.5
662.5939999999575 343.9689999999635 -3365257.9999999995
1526.5429090909104 366.5167272727276 10965.0
-1246.9797857142357 2471.3597857142927 3198823.5714285714
147.5052727272588 7.701636363635958 -168701.63636363635
-555.8060000000228 940.8639999999875 -3347755.0
-175.09433333340525 -540.3993333333337 -178322.6666666667
-722.3559999999893 -1206.3929565217552 -378022.0
138.55883333333645 832.3333888887892 -1258423.4444444443
55.955 -3.820101449275311 152415.17391304346
-44.76962790694659 -152.26767441860238 -709841.511627907
214.57356250000612 -364.1012499999923 -965825.375
52.83025000000069 -11.430500000011136 25747.0
615.1450000000212 1189.070000000008 11277.0
-490.51072727274783 661.5090000000073 -3189192.7272727275
85.72009999999013 169.52789999999754 402108.2
38.90069999999946 -39.590999999999 11475.0
-1208.7748695652226 270.10704347826305 11292.0
53.433190873189766 -2.851 -387305.62966213253
545.6041428571614 747.743714285742 5595428.714285715
-101.78353333335886 -410.15480000000036 11277.0
54.66,37.328,9250.0
98.18500000000219 -112.38200000000222 1415687.0
178.7470769231422 -790.8080769230766 -1937777.769230769
709.9698333331355 851.2394999999904 11277.0
-652.212000000027 1455.374999999717 11887.0
-234.96799999983946 -985.1069999999526 10972.0
42.625000000022794 -40.14699999999624 -219410.0
-233.32730769231827 -128.06938461539096 11277.0
332.7323333333447 -107.37477777776678 -1721261.6666666665
357.02999999993835 399.9737333333268 -2517044.8666666667
21.747163892442654 -33.5810102432776 1113429.861715749
71.25952941176581 5.5648823529418925 398415.64705882355
48.125,10.842,11582.0
-79.76688235286892 460.4201176472293 6455525.176470588
-446.89572222220943 -768.1118888888896 10668.0
52.325,13.298,1744.0
211.68799999993553 160.10100000000182 11582.0
-43.0456666667828 522.7576666666668 -733713.6666666667
8.725818181807607 -125.17945454545509 43545.18181818182
-557.8226315789707 -1493.2082105263019 148163.4736842105
90.18120000000144 -94.6382000000001 -188712.7
-83.4116666665914 841.0106666666486 1296913.3333333333
580.1940000000202 346.1359999999524 -2125998.0
52.392 -1744.4058749999817 11582.0
-26.445461538442174 -252.0799230769243 -403202.5384615385
89.76670000000158 -315.7377000000081 654734.3999999999
139.79912499997772 44.17400000000004 10363.0
708.0990000001643 2021.2223636364047 -2706263.727272727
190.07458823529922 -816.8402941176652 -1703154.1176470588
93.56842857144142 -18.136714285715858 284271.2857142857
114.98294999997961 -466.2213500000187 1926285.3
40.75011764705844 -42.84011764705962 -206228.9411764706
637.7222222222069 316.15344444444474 -1198057.888888889
692.8337000000248 210.63589999998982 11567.0
-97.49066666673782 -461.15766666665166 2563535.666666667
-227.92444444440332 -621.1342222222204 -1172766.0
617.610571428593 -362.93871428567275 -1785786.142857143
24.7197999999941 164.49130000000002 289794.4
281.26524999998685 261.9250000000002 -1964746.25
438.1904285714064 55.99085714282076 135249.85714285713
584.4376666668448 -866.2783333333341 -3062778.333333333
-17.00266666663466 -663.8866666666665 225381.0
45.742 15.779674157304068 13514.662921348316
-21.75625000000278 876.0330000000008 -1848371.0
822.505000000029 526.9819999999689 11285.0
-608.1200714285965 332.489142857154 10668.0
-112.48888235294757 1604.586235294144 6013597.823529412
105.78259999998346 -93.69860000000008 -475515.8
304.4955000000831 -391.1510624999969 -1428647.375
175.83599999993072 296.6577499999998 -230813.75
147.88305882344193 -270.0447647058826 3048.0
719.9690000000255 -2066.4969166666124 460133.3333333333
250.5494000000692 -115.7086000000001 10988.0
-278.9503333333962 598.9893333333304 11277.0
-37.020300000003665 -300.237999999974 836586.9
-401.0375789475524 -135.8419473684368 12184.0
252.29719999997783 -150.5304000000001 -664376.6
294.4959444443491 860.4741666666664 3202796.722222222
-59.76019999998266 -63.550800000005545 -264214.39999999997
18.157239999998573 577.2323999999991 -199704.72
-120.2136399999346 -220.86859999999518 -1270705.16
54.772,9.998,10805.0
421.96000000012435 -1206.3294999999907 10972.0
-315.3615555557474 1080.9095555555066 10668.0
98.36068506493311 -263.99560389610446 -1.0038102061688311E7
376.9403571428445 82.75528571428579 10972.0
829.4277647059118 -1497.2221764705896 10972.0
-512.8071666665729 -100.87233333333342 205147.66666666666
125.84676923082182 296.77707692307723 253347.3846153846
45.81,16.349,10668.0
-93.85240000000498 578.2854666666705 11277.0
38.675,-9.194,1828.0
244.20599999991808 -137.61626666661397 -1901379.4666666666
-56.75575000000363 -391.92400000001453 -1722313.5
-450.5915714285162 752.1228571428578 -2629683.0
31.794363636353516 63.21263636363637 -148519.63636363635
30.458222222112585 913.817111111112 2096615.7777777778
10.47228571437492 -265.411999999996 -1013514.4285714285
700.0542727271802 -1113.892636363621 7315.0
51.376 281.1939999999999 -378371.0
4.466999999942281 -353.40950000000026 -727560.5
909.8150000000328 -397.2428000000324 4855569.600000001
-1228.2739999999594 678.0288823529501 11292.0
359.2765000001014 1629.5593750000605 -4929015.875
793.8524999999348 -81.95600000000884 11582.0
118.9931111111303 123.69444444444684 10972.0
-1.046444444321601 -893.4495555555505 -1571378.3333333335
20.18100000007223 -371.917 -1889705.0
303.23900000008604 -431.343999999979 -213798.0
202.41049999997068 634.5724500000055 9448.0
-924.8709000000932 518.1507999999847 11277.0
83.03761904763597 -397.77147619047213 -41342.19047619047
-1203.4149999997503 955.1220000000357 5717966.8
62.139294117635316 -41.953294117662814 381058.23529411765
1458.0551111113311 181.32111111128316 10972.0
273.4725454545122 396.34500000000435 9144.0
-665.2758749999778 -541.3493749999959 -2026342.8125
159.1470000000043 79.54800000000007 10363.0
-1247.143181818141 -797.6008181818147 10668.0
285.96500000000907 -96.28220000000009 11582.0
191.45800000003948 121.65100000000486 10972.0
-5.424000000002479 -545.5979999999956 666094.0
1171.4850000000424 -16.17999999987577 10058.0
-170.16000000000815 -314.3779999999976 11277.0
-96.23776923078007 -96.45307692307699 10675.0
59.56427272728166 -97.38945454545423 8534.0
254.8294285714166 22.144571428572387 10355.0
-11.48000000007658 -391.58150000000006 -1659515.0
143.2469090910215 -505.997 -1745122.2727272727
-517.4818000000212 -836.0282000000008 11277.0
440.0018000001296 751.6360000000276 10675.0
107.76989999987333 -441.05520000000035 320.0
-8.159000000028819 -297.1870000000253 -503785.0
-329.7926986301359 -215.36098630137113 11277.0
2151.593249999945 -2200.2707500000843 11582.0
37.71,31.263,8907.0
-249.0554117646452 7.177058823600518 -1371942.3529411764
40.292,-2.925,10972.0
-449.765250000019 444.6356666666671 -1667151.5
911.6069999999934 -75.23923076922334 3736095.0
8.2174545454533 -85.89245454545461 1088920.0
464.1459411765556 1090.9110588235271 11887.0
42.633,23.468,2377.0
-152.7373000000079 -429.049300000003 12192.0
791.3316363636646 -688.3647272726947 11582.0
495.8332500000172 447.6677499999645 10668.0
112.8499090909832 609.4040909090915 481121.54545454547
154.11484210515124 541.8326842105068 2438.0
-712.7655999999647 -31.01320000000903 11277.0
-723.5341764706957 -564.5275294115518 10668.0
231.1758181817914 113.68627272727282 10972.0
-287.03881818171527 -2267.4656363634913 10980.0
834.3390000000302 -570.3870000000227 11582.0
499.91260000001705 -647.9162000000006 -1414437.4000000001
529.951230769317 627.9517692307634 8534.0
300.57499999981314 -497.23299999999995 1276159.0
1014.8180000000365 522.5946666666645 -2170273.0
48.376,-1.346,11574.0
-210.40774000000977 -320.26070000000055 7620.0
712.4680000000254 -151.18166666666002 10972.0
422.11576470582946 1833.4988235294118 10972.0
108.76785714285941 42.40942857142392 10363.0
86.60212500003658 -359.756624999997 9753.0
665.0520259740262 112.85301298701322 1716579.051948052
-67.59337499997547 872.4377499999734 -2910208.1875
-277.72284000005675 -541.9140799999984 11277.0
52.209,10.645,10363.0
332.7084000000104 428.12259999997497 6400.0
109.48526315789707 -71.34215789474828 -517654.0
1347.5165999999092 411.8841000000069 11582.0
50.536,11.329,7414.0
484.32223076914454 1213.270846153846 -1990944.4615384615
-454.5693999998457 -1004.3578000000825 2540610.4
277.5594615384702 251.5228461538464 10363.0
1416.273500000052 529.3352500000185 10972.0
51.708,1.987,8001.0
271.99775999999696 119.14600000000064 -578981.32
912.6663333333662 -361.17988888888925 11582.0
650.3908333334849 439.3893333333337 -3315859.1666666665
1339.7339999997423 -647.6540000000006 10972.0
168.22149999998118 186.44649999999237 6096.0
858.0734285714593 242.85985714286483 10378.0
-149.45700000004007 148.4080000000047 11887.0
692.3916923077167 11.412 11582.0
155.14971428574898 324.0012857142896 11277.0
-373.5565000002085 -332.6610000000003 5791.0
243.36769999995343 -49.99779999994956 10972.0
101.29799999999022 -165.73500000000124 1572342.0
48.554,2.012,3352.0
249.91182352941962 -71.03452941176785 1216453.4705882354
517.7042941176647 -971.7615294117657 -6217651.588235294
180.8787499999624 495.11674999998655 -140580.0
486.94860000007884 311.3516000000003 10972.0
197.47835294122743 775.5427647059 -142496.35294117648
235.90300000000707 -180.50599999999918 10972.0
651.2200909090045 333.2138181818032 -356743.36363636365
-90.000999999985 -193.99199999999874 -1166159.0
-171.49820833342315 -874.5071249999988 -3274182.2916666665
-130.25854545455252 -831.7085454542844 4718560.818181818
-465.763999999848 -722.3330000000008 2178434.0
36.96353333333753 -9.134 15.0
-618.831800000025 -965.0646666666644 11277.0
1337.0033750000491 625.1230000000006 11582.0
301.368666666639 64.07950000000089 10972.0
215.08122222217196 565.815444444437 9753.0
-72.3830571428617 94.17748571428504 -813159.9428571429
102.84350000002462 -169.25350000000336 -950799.5
15.409500000006751 92.27249999999479 10668.0
-29.20600000008576 -1332.5390000000011 4850089.0
172.2704545454886 340.35009090909534 9448.0
34.68453846157924 -154.09761538464272 788291.7692307692
162.86450000007972 -270.83407142857146 2743.0
952.3614166664499 1434.236250000007 2133.0
97.56154545443928 456.48145454545494 1373652.3636363635
47.762928571437804 -54.20600000000005 -25007.571428571428
131.0814000000029 473.33439999999473 -91971.20000000001
828.5170312499993 60.35928125000147 12192.0
-77.08780000000502 27.24519999999184 562643.6
1286.8176153846623 319.0273076923029 10363.0
152.2891578947163 194.18636842104706 -44911.68421052631
44.354118644033846 -256.41872881355954 -2651985.745762712
42.973,9.509,10972.0
54.676576923073995 -33.88769230769261 698100.7692307691
205.94599999995268 -260.92671428572453 90333.5
129.2448928571566 241.49960714285717 664253.3214285715
-13527.33999999993 -321610.61660000007 -7.07949466E7
51.648 -414.6168399999998 -149957.52000000002
