397.51164705883673 -403.353588235288 10980.0
-157.05750000013967 270.2904285714722 1483007.0714285714
-746.8723571427884 812.8103571427883 11887.0
-21.63299999994301 -334.1979999999975 -1815525.0
-448.10652173914923 1844.0566086956446 8839.0
161.4630476190602 96.13366666666676 39686.76190476191
116.66306666667805 226.36446666666563 297424.5333333333
-306.47300000001377 -84.1300000001479 -1386953.0
-618.1370000000252 1596.9569999999105 10668.0
447.20719999988023 -565.5650000000005 10972.0
1197.7284999999633 68.87650000000005 282724.0
-150.88350000000727 254.0418124999993 -1399629.0
-619.8373333334384 939.4086666666675 -4597535.583333333
448.7133333334159 -624.8226666666673 -1726233.6666666667
-81.77966666673517 -1492.842666666668 10363.0
44.464 -1322.906000000114 10972.0
39.218,-9.174,2705.0
679.8834545452638 -402.2833636363388 374340.54545454547
965.7418333332814 -435.0828333332648 -1377634.6666666665
-180.06145454532822 -276.3638181818121 -224929.45454545456
161.2684999999679 466.82614285713305 10660.0
147.92822222219422 144.26688888888606 11277.0
35.997,33.679,10363.0
-349.77123529406157 -629.3197647058795 10058.0
567.6253000000921 120.11460000000011 11285.0
-226.8093750000107 -585.667125000004 12192.0
1574.2804736842145 17533.128754385965 -1.6674937614035089E7
124.77725000000264 401.38650000000547 10668.0
583.7597142857344 891.4198571428697 11277.0
18.97145833339849 -334.36604166671356 -2152183.7083333335
227.75520000000708 1055.7464666666676 1657052.9333333333
-1154.8825544554597 1610.9321188118788 11887.0
47.417,8.391,2209.0
-594.5802222223369 305.3254444443644 10668.0
-427.12276923087 -1611.9181538461746 10972.0
225.74030000000658 -465.3498000000004 -1802368.1
-96.27857142864939 1402.2281428570866 10066.0
229.10015789477472 267.3373684210471 -1684722.5263157894
113.15761538461756 413.8073076923229 -151577.3076923077
-72.7043571428617 527.6252142857103 -1797380.3571428573
-930.2090000000372 272.8770000001197 385132.0
155.30078947368816 -520.3819473684206 -1039603.8947368421
-178.5544545454631 267.4583636363597 159400.63636363638
-404.23401298701117 459.0222077922082 -2918411.038961039
762.19564285717 -578.4938571428636 2641864.3571428573
-142.33457142857836 -271.6847142857123 5791.0
94.44433333335729 -25.269833333331796 1461668.0
51.435,0.046,1935.0
-277.18299999998146 27.368600000030398 115007.20000000001
1159.8635714284483 171.19171428572608 6403540.142857143
